# difractograma DEMO (sintetico) para probar --exp
   10.0000     7.3043
   10.0200     2.0202
   10.0400     5.4355
   10.0600     4.3007
   10.0800     4.4310
   10.1000     4.7015
   10.1200     2.6260
   10.1400     4.6788
   10.1600     3.9491
   10.1800     8.7600
   10.2000     5.1990
   10.2200     4.5324
   10.2400     4.6124
   10.2600     4.1660
   10.2800     3.7193
   10.3000     4.4808
   10.3200     5.4818
   10.3400     4.6519
   10.3600     6.0247
   10.3800     4.6926
   10.4000     4.9481
   10.4200     6.6947
   10.4400     5.5428
   10.4600     4.3340
   10.4800     4.7025
   10.5000     5.5318
   10.5200     7.1325
   10.5400     4.5971
   10.5600     4.6251
   10.5800     6.0549
   10.6000     3.8825
   10.6200     4.5641
   10.6400     5.9116
   10.6600     5.5624
   10.6800     4.9988
   10.7000     5.6618
   10.7200     1.6399
   10.7400     6.0616
   10.7600     3.7833
   10.7800     2.9668
   10.8000     5.2000
   10.8200     5.6855
   10.8400     4.3675
   10.8600     3.6398
   10.8800     4.9049
   10.9000     4.8124
   10.9200     6.4864
   10.9400     5.7282
   10.9600     5.0901
   10.9800     6.1430
   11.0000     4.6275
   11.0200     3.7979
   11.0400     5.5312
   11.0600     5.5276
   11.0800     4.6094
   11.1000     3.9549
   11.1200     5.1159
   11.1400     1.9850
   11.1600     5.6420
   11.1800     5.4117
   11.2000     2.9620
   11.2200     4.9139
   11.2400     3.7337
   11.2600     5.7099
   11.2800     2.5004
   11.3000     3.7852
   11.3200     5.6497
   11.3400     6.1613
   11.3600     2.3508
   11.3800     4.2565
   11.4000     5.2040
   11.4200     4.1251
   11.4400     6.6513
   11.4600     3.4527
   11.4800     5.2272
   11.5000     3.6132
   11.5200     6.4318
   11.5400     4.7895
   11.5600     4.3848
   11.5800     2.8364
   11.6000     6.7416
   11.6200     5.6722
   11.6400     5.6714
   11.6600     6.1112
   11.6800     5.2032
   11.7000     4.0655
   11.7200     3.8787
   11.7400     3.8770
   11.7600     6.3691
   11.7800     3.1148
   11.8000     4.1059
   11.8200     4.4203
   11.8400     5.0458
   11.8600     5.4470
   11.8800     3.3487
   11.9000     2.7943
   11.9200     4.7755
   11.9400     6.1734
   11.9600     5.6470
   11.9800     5.0231
   12.0000     4.4091
   12.0200     5.1088
   12.0400     4.4904
   12.0600     5.7074
   12.0800     3.8537
   12.1000     4.9191
   12.1200     4.6358
   12.1400     5.3858
   12.1600     5.0178
   12.1800     7.6882
   12.2000     6.4783
   12.2200     6.4744
   12.2400     2.4090
   12.2600     4.3599
   12.2800     4.0499
   12.3000     5.3597
   12.3200     2.1269
   12.3400     6.0938
   12.3600     5.9685
   12.3800     3.2444
   12.4000     3.6145
   12.4200     3.8166
   12.4400     4.7853
   12.4600     5.4704
   12.4800     7.0855
   12.5000     4.5036
   12.5200     5.6107
   12.5400     4.9057
   12.5600     6.7478
   12.5800     5.5765
   12.6000     6.2947
   12.6200     3.4819
   12.6400     4.4977
   12.6600     3.7818
   12.6800     6.4447
   12.7000     5.4693
   12.7200     4.3613
   12.7400     4.1903
   12.7600     5.2656
   12.7800     3.9008
   12.8000     3.6359
   12.8200     5.2567
   12.8400     7.5324
   12.8600     4.4175
   12.8800     4.0599
   12.9000     3.3512
   12.9200     3.1612
   12.9400     5.2970
   12.9600     5.6697
   12.9800     4.7009
   13.0000     5.0709
   13.0200     4.8203
   13.0400     4.8448
   13.0600     2.9301
   13.0800     4.1558
   13.1000     4.8087
   13.1200     3.7790
   13.1400     4.1298
   13.1600     3.7344
   13.1800     4.2909
   13.2000     5.6528
   13.2200     4.2036
   13.2400     4.4924
   13.2600     5.6027
   13.2800     5.4069
   13.3000     6.6124
   13.3200     2.2605
   13.3400     5.6458
   13.3600     4.1054
   13.3800     4.8128
   13.4000     5.6191
   13.4200     5.8996
   13.4400     5.8476
   13.4600     4.8299
   13.4800     6.4998
   13.5000     4.3233
   13.5200     4.4849
   13.5400     5.5639
   13.5600     4.0101
   13.5800     7.1253
   13.6000     5.8118
   13.6200     7.1390
   13.6400     4.6069
   13.6600     4.1957
   13.6800     4.8263
   13.7000     5.4769
   13.7200     3.9562
   13.7400     5.0660
   13.7600     4.6088
   13.7800     6.4832
   13.8000     3.8635
   13.8200     5.8256
   13.8400     3.8820
   13.8600     3.5165
   13.8800     3.8026
   13.9000     3.2496
   13.9200     4.7839
   13.9400     5.7993
   13.9600     4.8015
   13.9800     5.3286
   14.0000     6.4853
   14.0200     4.9184
   14.0400     4.8309
   14.0600     4.2890
   14.0800     2.7555
   14.1000     5.4751
   14.1200     2.5822
   14.1400     5.3491
   14.1600     4.5811
   14.1800     5.8909
   14.2000     4.5167
   14.2200     3.6471
   14.2400     5.0029
   14.2600     3.9463
   14.2800     4.3807
   14.3000     4.6353
   14.3200     4.4310
   14.3400     4.3672
   14.3600     3.6261
   14.3800     4.3639
   14.4000     2.1225
   14.4200     4.3975
   14.4400     3.2001
   14.4600     5.8627
   14.4800     6.0332
   14.5000     2.3305
   14.5200     4.7375
   14.5400     4.4243
   14.5600     3.3653
   14.5800     5.1776
   14.6000     4.0347
   14.6200     2.5326
   14.6400     4.2559
   14.6600     4.3905
   14.6800     4.6818
   14.7000     3.1432
   14.7200     5.2641
   14.7400     5.4003
   14.7600     3.2371
   14.7800     3.7952
   14.8000     4.4586
   14.8200     3.8992
   14.8400     6.5519
   14.8600     4.7861
   14.8800     3.3840
   14.9000     3.6383
   14.9200     4.4765
   14.9400     7.1793
   14.9600     4.3349
   14.9800     4.6848
   15.0000     5.1276
   15.0200     4.4894
   15.0400     7.1550
   15.0600     3.9220
   15.0800     5.3866
   15.1000     4.7144
   15.1200     5.2425
   15.1400     3.1752
   15.1600     6.5578
   15.1800     4.3849
   15.2000     4.5625
   15.2200     3.4475
   15.2400     3.6820
   15.2600     5.1676
   15.2800     5.6515
   15.3000     5.3821
   15.3200     5.9044
   15.3400     5.3349
   15.3600     4.5452
   15.3800     5.4724
   15.4000     5.1920
   15.4200     4.3929
   15.4400     5.3416
   15.4600     5.9833
   15.4800     4.7741
   15.5000     4.0939
   15.5200     5.3278
   15.5400     6.6848
   15.5600     4.2574
   15.5800     4.3920
   15.6000     4.3400
   15.6200     5.9009
   15.6400     2.3830
   15.6600     4.9133
   15.6800     5.8617
   15.7000     3.5557
   15.7200     6.2001
   15.7400     5.1029
   15.7600     3.8556
   15.7800     4.7199
   15.8000     2.7207
   15.8200     3.8328
   15.8400     6.5809
   15.8600     3.4531
   15.8800     6.5987
   15.9000     4.3840
   15.9200     5.6195
   15.9400     4.5257
   15.9600     1.8983
   15.9800     3.8148
   16.0000     4.6898
   16.0200     3.1478
   16.0400     2.9208
   16.0600     4.8888
   16.0800     3.7205
   16.1000     2.5168
   16.1200     3.6782
   16.1400     5.4522
   16.1600     3.9175
   16.1800     5.5349
   16.2000     6.2146
   16.2200     4.4957
   16.2400     3.1590
   16.2600     2.9603
   16.2800     4.4247
   16.3000     5.4661
   16.3200     4.7617
   16.3400     5.0802
   16.3600     3.9407
   16.3800     4.7943
   16.4000     3.9063
   16.4200     4.0726
   16.4400     2.9606
   16.4600     2.6378
   16.4800     3.8895
   16.5000     3.1694
   16.5200     3.3394
   16.5400     5.2111
   16.5600     4.3158
   16.5800     7.7865
   16.6000     5.5011
   16.6200     3.7079
   16.6400     5.3285
   16.6600     4.8434
   16.6800     3.6443
   16.7000     5.6982
   16.7200     3.5391
   16.7400     0.9145
   16.7600     5.3404
   16.7800     3.7176
   16.8000     6.1335
   16.8200     3.6782
   16.8400     3.0662
   16.8600     6.2020
   16.8800     3.1857
   16.9000     4.6543
   16.9200     6.0854
   16.9400     4.5501
   16.9600     4.3249
   16.9800     4.5341
   17.0000     5.3796
   17.0200     3.4873
   17.0400     5.1151
   17.0600     5.0755
   17.0800     7.0920
   17.1000     4.0237
   17.1200     3.3581
   17.1400     5.2538
   17.1600     3.9511
   17.1800     4.7387
   17.2000     4.5579
   17.2200     5.7472
   17.2400     3.6488
   17.2600     4.2966
   17.2800     1.4690
   17.3000     3.3779
   17.3200     6.1653
   17.3400     3.6157
   17.3600     3.5918
   17.3800     2.9975
   17.4000     5.0624
   17.4200     4.5997
   17.4400     3.0304
   17.4600     5.1604
   17.4800     4.6914
   17.5000     5.2581
   17.5200     3.6536
   17.5400     6.3870
   17.5600     4.8600
   17.5800     4.2538
   17.6000     3.7910
   17.6200     4.1050
   17.6400     5.3724
   17.6600     4.0756
   17.6800     5.6228
   17.7000     5.0503
   17.7200     5.9295
   17.7400     5.3169
   17.7600     4.3082
   17.7800     2.1857
   17.8000     4.7221
   17.8200     5.2849
   17.8400     4.5646
   17.8600     5.0160
   17.8800     3.8339
   17.9000     3.9378
   17.9200     3.2914
   17.9400     5.9386
   17.9600     4.5548
   17.9800     3.8061
   18.0000     2.8408
   18.0200     4.1944
   18.0400     6.0277
   18.0600     4.9000
   18.0800     3.5359
   18.1000     6.0104
   18.1200     6.0086
   18.1400     5.4934
   18.1600     5.2722
   18.1800     5.6930
   18.2000     4.9886
   18.2200     5.2543
   18.2400     3.4667
   18.2600     6.0856
   18.2800     4.6274
   18.3000     6.6873
   18.3200     2.0137
   18.3400     5.1705
   18.3600     5.4872
   18.3800     3.9647
   18.4000     4.8781
   18.4200     5.2175
   18.4400     5.0205
   18.4600     3.7363
   18.4800     4.1928
   18.5000     5.5264
   18.5200     5.8226
   18.5400     4.4680
   18.5600     4.4423
   18.5800     4.5836
   18.6000     5.5452
   18.6200     3.1410
   18.6400     2.8245
   18.6600     4.4941
   18.6800     3.0793
   18.7000     3.6757
   18.7200     4.4491
   18.7400     4.9039
   18.7600     3.1171
   18.7800     5.2698
   18.8000     2.3100
   18.8200     4.9746
   18.8400     2.5344
   18.8600     2.8820
   18.8800     5.0847
   18.9000     3.8793
   18.9200     3.4317
   18.9400     3.8345
   18.9600     4.8797
   18.9800     4.2829
   19.0000     4.3109
   19.0200     5.5564
   19.0400     3.5208
   19.0600     3.8015
   19.0800     3.7432
   19.1000     5.6865
   19.1200     5.4823
   19.1400     5.8218
   19.1600     4.3038
   19.1800     4.1622
   19.2000     5.3221
   19.2200     3.8887
   19.2400     5.2963
   19.2600     5.1739
   19.2800     3.5390
   19.3000     4.2457
   19.3200     4.2042
   19.3400     6.3330
   19.3600     7.3148
   19.3800     4.2261
   19.4000     4.3570
   19.4200     1.7189
   19.4400     4.5838
   19.4600     4.3326
   19.4800     3.1078
   19.5000     5.2434
   19.5200     2.5414
   19.5400     4.0938
   19.5600     4.5003
   19.5800     2.9055
   19.6000     5.3254
   19.6200     5.5539
   19.6400     2.7478
   19.6600     2.7233
   19.6800     5.0333
   19.7000     4.3064
   19.7200     2.9495
   19.7400     4.0025
   19.7600     4.2184
   19.7800     4.1777
   19.8000     5.2932
   19.8200     4.7841
   19.8400     6.3762
   19.8600     5.9224
   19.8800     5.1230
   19.9000     5.5814
   19.9200     5.8653
   19.9400     5.1556
   19.9600     2.9362
   19.9800     5.3327
   20.0000     4.4285
   20.0200     6.2061
   20.0400     4.4537
   20.0600     4.9512
   20.0800     4.7260
   20.1000     6.2797
   20.1200     4.5518
   20.1400     4.0390
   20.1600     4.7045
   20.1800     3.8448
   20.2000     4.5367
   20.2200     4.3425
   20.2400     4.6638
   20.2600     6.5625
   20.2800     3.8868
   20.3000     4.3962
   20.3200     4.1252
   20.3400     5.1281
   20.3600     2.9982
   20.3800     3.5607
   20.4000     4.3122
   20.4200     4.9860
   20.4400     4.3061
   20.4600     3.7853
   20.4800     3.3650
   20.5000     4.9501
   20.5200     6.0203
   20.5400     4.7350
   20.5600     4.5812
   20.5800     4.8761
   20.6000     3.2839
   20.6200     4.0100
   20.6400     4.0614
   20.6600     4.7097
   20.6800     4.3348
   20.7000     2.9751
   20.7200     5.6671
   20.7400     6.3202
   20.7600     4.0742
   20.7800     4.8363
   20.8000     4.6864
   20.8200     5.2825
   20.8400     2.6817
   20.8600     6.2372
   20.8800     3.8475
   20.9000     5.8394
   20.9200     4.4809
   20.9400     3.9422
   20.9600     4.2301
   20.9800     5.4241
   21.0000     3.4028
   21.0200     3.9654
   21.0400     3.8443
   21.0600     2.4289
   21.0800     5.8964
   21.1000     5.0691
   21.1200     4.3814
   21.1400     5.7450
   21.1600     3.3108
   21.1800     4.3275
   21.2000     6.3967
   21.2200     5.5419
   21.2400     1.8610
   21.2600     0.5915
   21.2800     3.2301
   21.3000     5.6447
   21.3200     3.8846
   21.3400     4.1797
   21.3600     5.1314
   21.3800     3.4177
   21.4000     4.6821
   21.4200     5.3503
   21.4400     4.9794
   21.4600     4.9005
   21.4800     3.7564
   21.5000     5.0420
   21.5200     3.9625
   21.5400     5.9564
   21.5600     7.4133
   21.5800     3.6127
   21.6000     1.9672
   21.6200     3.9803
   21.6400     4.9055
   21.6600     5.6825
   21.6800     5.7190
   21.7000     3.5816
   21.7200     3.5745
   21.7400     5.9458
   21.7600     3.2379
   21.7800     5.7497
   21.8000     4.2399
   21.8200     5.3852
   21.8400     5.3198
   21.8600     5.4048
   21.8800     5.4592
   21.9000     3.3836
   21.9200     4.8666
   21.9400     4.5451
   21.9600     4.8878
   21.9800     5.9550
   22.0000     4.2309
   22.0200     3.7289
   22.0400     3.7151
   22.0600     4.1994
   22.0800     5.4263
   22.1000     3.6301
   22.1200     5.9037
   22.1400     4.9105
   22.1600     4.3222
   22.1800     3.0571
   22.2000     4.8743
   22.2200     5.3931
   22.2400     2.5751
   22.2600     5.9797
   22.2800     6.5094
   22.3000     5.0109
   22.3200     5.1932
   22.3400     7.4080
   22.3600     6.0564
   22.3800     3.6157
   22.4000     4.6348
   22.4200     4.4804
   22.4400     4.4942
   22.4600     1.9578
   22.4800     5.5518
   22.5000     3.9575
   22.5200     4.8847
   22.5400     4.5478
   22.5600     5.7130
   22.5800     4.3800
   22.6000     3.8140
   22.6200     5.3481
   22.6400     6.3591
   22.6600     4.3857
   22.6800     6.3362
   22.7000     5.0722
   22.7200     4.1678
   22.7400     6.5419
   22.7600     3.8581
   22.7800     5.9737
   22.8000     4.2458
   22.8200     5.3458
   22.8400     3.4205
   22.8600     3.8867
   22.8800     6.0838
   22.9000     5.0870
   22.9200     4.9260
   22.9400     4.3880
   22.9600     5.4181
   22.9800     3.3113
   23.0000     3.6421
   23.0200     4.7601
   23.0400     3.9954
   23.0600     4.1620
   23.0800     4.8981
   23.1000     4.8358
   23.1200     4.7519
   23.1400     6.9354
   23.1600     6.1980
   23.1800     6.4640
   23.2000     5.0336
   23.2200     4.5014
   23.2400     3.4264
   23.2600     4.7132
   23.2800     2.7327
   23.3000     4.4758
   23.3200     6.0420
   23.3400     7.0448
   23.3600     6.3091
   23.3800     4.2278
   23.4000     5.8029
   23.4200     4.3493
   23.4400     6.2217
   23.4600     5.1683
   23.4800     6.3032
   23.5000     8.2949
   23.5200     6.4202
   23.5400     8.0627
   23.5600     5.6092
   23.5800     5.0498
   23.6000     6.9853
   23.6200     7.4588
   23.6400     4.8648
   23.6600     5.6165
   23.6800     3.9065
   23.7000     5.3523
   23.7200     6.6309
   23.7400     5.5395
   23.7600     5.0140
   23.7800     4.0812
   23.8000     6.1525
   23.8200     6.6776
   23.8400     6.4792
   23.8600     6.1207
   23.8800     4.3977
   23.9000     7.9217
   23.9200     5.8686
   23.9400     5.8046
   23.9600     6.8517
   23.9800     3.5633
   24.0000     6.0157
   24.0200     5.9744
   24.0400     6.6025
   24.0600     7.7672
   24.0800     6.8074
   24.1000     4.2065
   24.1200     5.9707
   24.1400     6.6465
   24.1600     6.6309
   24.1800     5.0425
   24.2000     4.6578
   24.2200     7.2571
   24.2400     7.0793
   24.2600     6.7203
   24.2800     4.8243
   24.3000     8.9100
   24.3200     3.6051
   24.3400     6.5883
   24.3600     9.4809
   24.3800     6.9708
   24.4000     7.4949
   24.4200     5.9526
   24.4400     8.9512
   24.4600     5.9901
   24.4800     7.8569
   24.5000     7.8122
   24.5200     6.5463
   24.5400     8.8738
   24.5600     6.3327
   24.5800     7.2845
   24.6000     8.1523
   24.6200     7.8323
   24.6400     8.9710
   24.6600     9.6292
   24.6800     8.3709
   24.7000     8.2354
   24.7200     8.4213
   24.7400     8.7625
   24.7600    10.2906
   24.7800     9.2993
   24.8000    10.2192
   24.8200     9.8613
   24.8400     9.2258
   24.8600    11.4355
   24.8800     9.5148
   24.9000    10.9992
   24.9200    13.0070
   24.9400    10.3717
   24.9600    11.9199
   24.9800    10.5457
   25.0000    12.1956
   25.0200    11.5107
   25.0400    13.2959
   25.0600    13.6150
   25.0800    14.9492
   25.1000    17.2272
   25.1200    16.3893
   25.1400    17.5298
   25.1600    17.4797
   25.1800    18.0803
   25.2000    18.2886
   25.2200    18.1290
   25.2400    21.2981
   25.2600    24.1849
   25.2800    24.0298
   25.3000    24.1177
   25.3200    27.9578
   25.3400    26.9812
   25.3600    28.2703
   25.3800    29.1803
   25.4000    31.1517
   25.4200    33.7495
   25.4400    38.1978
   25.4600    37.6246
   25.4800    38.7292
   25.5000    41.3628
   25.5200    44.0352
   25.5400    44.6432
   25.5600    49.1569
   25.5800    52.2952
   25.6000    54.4091
   25.6200    57.3461
   25.6400    57.8460
   25.6600    60.0953
   25.6800    66.2804
   25.7000    68.8405
   25.7200    68.6029
   25.7400    73.3944
   25.7600    75.9478
   25.7800    79.2637
   25.8000    81.5330
   25.8200    83.2863
   25.8400    86.5477
   25.8600    88.8286
   25.8800    90.7559
   25.9000    90.6592
   25.9200    91.1088
   25.9400    95.1677
   25.9600    95.4618
   25.9800    98.6153
   26.0000    99.8368
   26.0200    99.6979
   26.0400    99.0387
   26.0600    99.2973
   26.0800   100.0000
   26.1000    96.9619
   26.1200    97.7126
   26.1400    96.0500
   26.1600    93.8736
   26.1800    93.3533
   26.2000    88.7730
   26.2200    88.4212
   26.2400    83.8644
   26.2600    81.5234
   26.2800    78.5638
   26.3000    77.5977
   26.3200    73.2581
   26.3400    71.6193
   26.3600    67.4615
   26.3800    67.2048
   26.4000    65.3194
   26.4200    60.7304
   26.4400    59.6629
   26.4600    55.7754
   26.4800    55.0421
   26.5000    50.1508
   26.5200    45.7938
   26.5400    46.9539
   26.5600    42.8228
   26.5800    39.5924
   26.6000    37.9335
   26.6200    34.8154
   26.6400    34.5808
   26.6600    31.7244
   26.6800    32.9354
   26.7000    30.3594
   26.7200    26.1437
   26.7400    24.8613
   26.7600    24.5743
   26.7800    21.7271
   26.8000    22.6070
   26.8200    21.5547
   26.8400    19.6622
   26.8600    18.9388
   26.8800    19.2239
   26.9000    19.4321
   26.9200    18.7252
   26.9400    16.3108
   26.9600    16.5730
   26.9800    14.1090
   27.0000    14.8454
   27.0200    12.7271
   27.0400    14.1663
   27.0600    11.4401
   27.0800    11.3237
   27.1000    12.0244
   27.1200    12.3045
   27.1400     9.6690
   27.1600    10.3867
   27.1800    10.8629
   27.2000    10.6955
   27.2200     9.2120
   27.2400    10.0478
   27.2600     9.4057
   27.2800    11.1165
   27.3000     9.9467
   27.3200     7.6006
   27.3400     6.4185
   27.3600     8.8992
   27.3800     9.9879
   27.4000     8.6825
   27.4200     9.3573
   27.4400     7.6546
   27.4600     6.5184
   27.4800     8.8261
   27.5000     7.9651
   27.5200     8.5276
   27.5400     6.0495
   27.5600     7.7452
   27.5800     6.7213
   27.6000     8.2743
   27.6200     6.5909
   27.6400     6.4744
   27.6600     6.4165
   27.6800     8.4619
   27.7000     6.9658
   27.7200     5.9848
   27.7400     5.6111
   27.7600     5.5167
   27.7800     8.3299
   27.8000     4.4984
   27.8200     5.5434
   27.8400     7.1923
   27.8600     7.7541
   27.8800     6.1718
   27.9000     7.1889
   27.9200     7.1048
   27.9400     7.3124
   27.9600     6.1813
   27.9800     7.9799
   28.0000     6.2781
   28.0200     7.7617
   28.0400     4.6926
   28.0600     6.9962
   28.0800     4.4298
   28.1000     4.1111
   28.1200     6.3696
   28.1400     4.8067
   28.1600     6.2348
   28.1800     4.4545
   28.2000     7.4967
   28.2200     5.6278
   28.2400     4.2830
   28.2600     5.7540
   28.2800     6.5346
   28.3000     4.6048
   28.3200     6.0537
   28.3400     7.7826
   28.3600     6.3987
   28.3800     5.3622
   28.4000     4.6911
   28.4200     5.9828
   28.4400     3.5494
   28.4600     1.7733
   28.4800     4.4739
   28.5000     3.9711
   28.5200     7.1959
   28.5400     5.3281
   28.5600     4.0120
   28.5800     3.7852
   28.6000     5.6735
   28.6200     4.1233
   28.6400     4.3871
   28.6600     4.9308
   28.6800     5.1172
   28.7000     5.1081
   28.7200     5.1095
   28.7400     6.4552
   28.7600     6.8962
   28.7800     3.0233
   28.8000     7.8668
   28.8200     5.0363
   28.8400     6.3004
   28.8600     4.0038
   28.8800     5.2109
   28.9000     5.0677
   28.9200     4.9345
   28.9400     5.7680
   28.9600     5.4992
   28.9800     3.6021
   29.0000     4.6070
   29.0200     5.5650
   29.0400     5.5024
   29.0600     4.3123
   29.0800     4.3615
   29.1000     4.4932
   29.1200     3.3872
   29.1400     3.1631
   29.1600     6.4326
   29.1800     4.1620
   29.2000     4.7127
   29.2200     3.7308
   29.2400     6.0688
   29.2600     6.5792
   29.2800     4.3008
   29.3000     5.1327
   29.3200     3.6623
   29.3400     6.5466
   29.3600     5.5709
   29.3800     3.5307
   29.4000     5.9189
   29.4200     4.8878
   29.4400     4.9386
   29.4600     4.8633
   29.4800     3.6734
   29.5000     3.8129
   29.5200     5.1362
   29.5400     4.3533
   29.5600     3.3102
   29.5800     6.7242
   29.6000     4.1390
   29.6200     3.7273
   29.6400     3.5587
   29.6600     5.1443
   29.6800     5.4620
   29.7000     4.6153
   29.7200     5.3226
   29.7400     2.5924
   29.7600     3.8791
   29.7800     3.7568
   29.8000     4.2946
   29.8200     4.8412
   29.8400     1.9275
   29.8600     7.8546
   29.8800     3.2574
   29.9000     4.6417
   29.9200     5.1882
   29.9400     5.2068
   29.9600     4.4966
   29.9800     0.8667
   30.0000     2.9529
   30.0200     5.0654
   30.0400     3.1253
   30.0600     2.9621
   30.0800     1.4597
   30.1000     5.5572
   30.1200     4.7347
   30.1400     3.1131
   30.1600     3.9778
   30.1800     4.0059
   30.2000     2.8297
   30.2200     3.7889
   30.2400     4.3876
   30.2600     4.7223
   30.2800     5.5345
   30.3000     4.1053
   30.3200     3.5332
   30.3400     4.5200
   30.3600     3.3268
   30.3800     2.6053
   30.4000     5.3511
   30.4200     3.5926
   30.4400     4.1636
   30.4600     4.7652
   30.4800     2.7402
   30.5000     4.7443
   30.5200     4.5196
   30.5400     3.8840
   30.5600     4.4449
   30.5800     3.1168
   30.6000     1.4467
   30.6200     3.6507
   30.6400     2.9239
   30.6600     4.9642
   30.6800     4.2652
   30.7000     3.3476
   30.7200     4.0062
   30.7400     5.5018
   30.7600     5.2467
   30.7800     4.3618
   30.8000     4.4282
   30.8200     3.6091
   30.8400     3.7743
   30.8600     4.5969
   30.8800     3.7780
   30.9000     4.2545
   30.9200     2.6242
   30.9400     1.9841
   30.9600     1.9451
   30.9800     3.3906
   31.0000     5.4155
   31.0200     5.2452
   31.0400     2.7350
   31.0600     2.0883
   31.0800     4.7845
   31.1000     4.4016
   31.1200     2.2923
   31.1400     5.0773
   31.1600     4.0585
   31.1800     5.3754
   31.2000     4.2439
   31.2200     4.8699
   31.2400     4.2124
   31.2600     2.7442
   31.2800     3.5678
   31.3000     3.0528
   31.3200     4.7825
   31.3400     2.6796
   31.3600     2.0583
   31.3800     4.6017
   31.4000     5.1317
   31.4200     5.4720
   31.4400     5.0629
   31.4600     2.0704
   31.4800     2.9988
   31.5000     3.1659
   31.5200     3.7666
   31.5400     1.3136
   31.5600     3.7747
   31.5800     4.1006
   31.6000     2.6866
   31.6200     3.9116
   31.6400     5.1420
   31.6600     3.8227
   31.6800     4.9813
   31.7000     4.9290
   31.7200     4.2322
   31.7400     4.1986
   31.7600     3.3277
   31.7800     5.1783
   31.8000     3.2079
   31.8200     2.9450
   31.8400     4.5549
   31.8600     2.9064
   31.8800     4.2276
   31.9000     4.9503
   31.9200     3.8257
   31.9400     3.8519
   31.9600     4.7837
   31.9800     4.5921
   32.0000     1.9537
   32.0200     2.2151
   32.0400     5.2492
   32.0600     4.1655
   32.0800     1.3230
   32.1000     2.1628
   32.1200     3.7395
   32.1400     2.5825
   32.1600     4.2461
   32.1800     3.7954
   32.2000     4.2672
   32.2200     2.3589
   32.2400     4.4134
   32.2600     5.9496
   32.2800     2.7823
   32.3000     5.2043
   32.3200     4.8207
   32.3400     4.4310
   32.3600     3.6133
   32.3800     2.3515
   32.4000     2.6760
   32.4200     4.5610
   32.4400     4.8063
   32.4600     5.0845
   32.4800     4.7811
   32.5000     4.7133
   32.5200     3.1738
   32.5400     2.2832
   32.5600     3.9038
   32.5800     4.2421
   32.6000     3.7638
   32.6200     1.9160
   32.6400     3.0632
   32.6600     1.9616
   32.6800     3.8246
   32.7000     2.4484
   32.7200     3.4614
   32.7400     4.0221
   32.7600     3.8073
   32.7800     5.2204
   32.8000     2.3762
   32.8200     1.1350
   32.8400     4.7286
   32.8600     5.2525
   32.8800     5.2853
   32.9000     3.9654
   32.9200     4.2564
   32.9400     3.7763
   32.9600     2.1456
   32.9800     2.9761
   33.0000     4.2015
   33.0200     2.9660
   33.0400     5.8198
   33.0600     1.8554
   33.0800     3.1259
   33.1000     4.8986
   33.1200     2.9228
   33.1400     2.3180
   33.1600     2.0557
   33.1800     2.7807
   33.2000     5.3497
   33.2200     4.0828
   33.2400     4.2049
   33.2600     3.0131
   33.2800     4.5785
   33.3000     3.7296
   33.3200     2.5469
   33.3400     3.0840
   33.3600     3.8350
   33.3800     4.9461
   33.4000     3.5324
   33.4200     4.1723
   33.4400     5.9170
   33.4600     2.6769
   33.4800     2.1675
   33.5000     4.7217
   33.5200     4.0939
   33.5400     3.4760
   33.5600     3.8908
   33.5800     3.2072
   33.6000     4.1774
   33.6200     3.1971
   33.6400     4.5008
   33.6600     2.2349
   33.6800     2.6402
   33.7000     3.7110
   33.7200     3.0360
   33.7400     4.3739
   33.7600     3.5247
   33.7800     2.9487
   33.8000     3.8117
   33.8200     2.9628
   33.8400     1.7784
   33.8600     2.2616
   33.8800     2.6449
   33.9000     3.0250
   33.9200     3.6764
   33.9400     4.6102
   33.9600     4.1966
   33.9800     5.6077
   34.0000     5.0265
   34.0200     3.3442
   34.0400     5.4573
   34.0600     4.9165
   34.0800     3.0374
   34.1000     3.9153
   34.1200     4.8142
   34.1400     3.8334
   34.1600     4.7223
   34.1800     4.0079
   34.2000     4.3608
   34.2200     3.1856
   34.2400     3.9857
   34.2600     3.1309
   34.2800     4.3246
   34.3000     1.6059
   34.3200     3.9302
   34.3400     4.9810
   34.3600     4.2098
   34.3800     3.5123
   34.4000     4.1597
   34.4200     2.5673
   34.4400     2.5822
   34.4600     3.1240
   34.4800     3.3652
   34.5000     4.6438
   34.5200     2.5049
   34.5400     4.6810
   34.5600     1.7223
   34.5800     2.6240
   34.6000     3.4847
   34.6200     4.8560
   34.6400     2.8191
   34.6600     1.0597
   34.6800     4.0043
   34.7000     3.4869
   34.7200     2.2755
   34.7400     2.3182
   34.7600     2.7171
   34.7800     3.6280
   34.8000     4.2763
   34.8200     1.8137
   34.8400     6.1414
   34.8600     3.4664
   34.8800     3.0801
   34.9000     4.2804
   34.9200     3.6309
   34.9400     6.1892
   34.9600     4.7628
   34.9800     3.0784
   35.0000     3.0517
   35.0200     2.9269
   35.0400     3.1052
   35.0600     4.2696
   35.0800     2.7529
   35.1000     5.3474
   35.1200     3.3983
   35.1400     3.3238
   35.1600     4.5803
   35.1800     1.2140
   35.2000     2.4117
   35.2200     4.1741
   35.2400     3.4977
   35.2600     3.4694
   35.2800     3.9382
   35.3000     2.7901
   35.3200     3.2832
   35.3400     1.9141
   35.3600     1.3220
   35.3800     4.9290
   35.4000     2.4022
   35.4200     2.6499
   35.4400     5.0763
   35.4600     4.6878
   35.4800     2.8639
   35.5000     2.8574
   35.5200     3.3720
   35.5400     2.3674
   35.5600     4.0936
   35.5800     3.6290
   35.6000     3.6100
   35.6200     4.3256
   35.6400     4.2846
   35.6600     5.5743
   35.6800     5.1994
   35.7000     1.4903
   35.7200     4.4861
   35.7400     2.1678
   35.7600     1.8111
   35.7800     4.2683
   35.8000     2.6431
   35.8200     3.0860
   35.8400     4.6777
   35.8600     2.6847
   35.8800     2.4173
   35.9000     3.8206
   35.9200     4.8498
   35.9400     4.0508
   35.9600     1.6569
   35.9800     2.6931
   36.0000     3.2656
   36.0200     5.6576
   36.0400     4.4651
   36.0600     4.4160
   36.0800     4.8190
   36.1000     3.0806
   36.1200     3.9861
   36.1400     3.9974
   36.1600     2.3105
   36.1800     3.4129
   36.2000     4.0796
   36.2200     2.1896
   36.2400     4.3582
   36.2600     4.3005
   36.2800     4.6157
   36.3000     2.5365
   36.3200     3.5492
   36.3400     5.0951
   36.3600     4.3350
   36.3800     2.5173
   36.4000     3.6809
   36.4200     5.0536
   36.4400     3.3326
   36.4600     3.8570
   36.4800     6.3699
   36.5000     3.3746
   36.5200     3.2919
   36.5400     2.2589
   36.5600     2.6563
   36.5800     5.1188
   36.6000     3.2504
   36.6200     2.0453
   36.6400     2.3369
   36.6600     3.4126
   36.6800     4.2837
   36.7000     2.5475
   36.7200     4.2207
   36.7400     2.8379
   36.7600     3.8060
   36.7800     3.9917
   36.8000     4.0905
   36.8200     2.8941
   36.8400     3.1935
   36.8600     3.9672
   36.8800     1.8961
   36.9000     3.5781
   36.9200     3.9677
   36.9400     4.5742
   36.9600     3.3294
   36.9800     3.1579
   37.0000     3.5301
   37.0200     2.5230
   37.0400     3.1229
   37.0600     3.8307
   37.0800     3.6823
   37.1000     2.1570
   37.1200     2.9799
   37.1400     0.9233
   37.1600     4.2705
   37.1800     2.7368
   37.2000     3.6207
   37.2200     2.0807
   37.2400     3.2443
   37.2600     3.8512
   37.2800     4.4644
   37.3000     1.7706
   37.3200     4.3008
   37.3400     3.1414
   37.3600     2.4379
   37.3800     3.8745
   37.4000     2.9872
   37.4200     2.9835
   37.4400     2.5141
   37.4600     3.5775
   37.4800     3.3618
   37.5000     3.1188
   37.5200     2.2196
   37.5400     2.7282
   37.5600     3.7774
   37.5800     4.7832
   37.6000     3.2826
   37.6200     4.9365
   37.6400     3.2995
   37.6600     2.0587
   37.6800     4.0358
   37.7000     2.2008
   37.7200     3.7713
   37.7400     4.5382
   37.7600     2.9546
   37.7800     3.2065
   37.8000     6.1412
   37.8200     3.5819
   37.8400     3.6102
   37.8600     4.2033
   37.8800     3.1934
   37.9000     3.2045
   37.9200     3.7431
   37.9400     0.5591
   37.9600     4.9299
   37.9800     2.0794
   38.0000     2.0666
   38.0200     3.9227
   38.0400     3.3346
   38.0600     1.8686
   38.0800     3.5462
   38.1000     1.9941
   38.1200     2.5030
   38.1400     1.5770
   38.1600     2.3526
   38.1800     3.7571
   38.2000     3.4420
   38.2200     3.6553
   38.2400     4.3578
   38.2600     3.2505
   38.2800     2.5420
   38.3000     2.9779
   38.3200     5.1892
   38.3400     3.3366
   38.3600     3.6641
   38.3800     3.1870
   38.4000     3.5783
   38.4200     3.7915
   38.4400     3.2860
   38.4600     3.1184
   38.4800     2.3993
   38.5000     2.3251
   38.5200     3.7620
   38.5400     4.1533
   38.5600     4.3533
   38.5800     3.3563
   38.6000     2.3482
   38.6200     4.0166
   38.6400     3.9998
   38.6600     1.5703
   38.6800     4.2140
   38.7000     3.9612
   38.7200     5.2039
   38.7400     2.0009
   38.7600     1.8256
   38.7800     4.1949
   38.8000     1.2348
   38.8200     2.4561
   38.8400     2.0424
   38.8600     2.1333
   38.8800     1.1092
   38.9000     3.0223
   38.9200     4.4128
   38.9400     3.8016
   38.9600     3.8066
   38.9800     2.8869
   39.0000     4.9545
   39.0200     3.9024
   39.0400     4.5025
   39.0600     1.5231
   39.0800     3.6950
   39.1000     1.9909
   39.1200     3.7013
   39.1400     3.5296
   39.1600     2.0124
   39.1800     3.5065
   39.2000     4.6349
   39.2200     3.8808
   39.2400     3.9848
   39.2600     2.3206
   39.2800     2.5318
   39.3000     2.0368
   39.3200     3.4626
   39.3400     4.6739
   39.3600     3.8113
   39.3800     3.3114
   39.4000     2.0325
   39.4200     3.8235
   39.4400     3.0430
   39.4600     1.1359
   39.4800     1.3384
   39.5000     2.9292
   39.5200     2.2942
   39.5400     5.2097
   39.5600     3.3599
   39.5800     2.1325
   39.6000     2.7628
   39.6200     5.1449
   39.6400     2.2382
   39.6600     4.2055
   39.6800     3.8260
   39.7000     5.0061
   39.7200     3.9341
   39.7400     2.8671
   39.7600     3.9317
   39.7800     3.4058
   39.8000     4.4453
   39.8200     3.2612
   39.8400     5.5969
   39.8600     3.2190
   39.8800     3.8399
   39.9000     2.5874
   39.9200     3.4844
   39.9400     3.3733
   39.9600     3.5385
   39.9800     4.3760
   40.0000     2.7326
   40.0200     2.3803
   40.0400     4.6183
   40.0600     3.0249
   40.0800     2.5884
   40.1000     4.6752
   40.1200     4.2467
   40.1400     0.3344
   40.1600     2.9286
   40.1800     4.2609
   40.2000     4.3194
   40.2200     2.7805
   40.2400     5.1578
   40.2600     2.4658
   40.2800     3.1100
   40.3000     3.5234
   40.3200     3.3734
   40.3400     4.3040
   40.3600     4.5516
   40.3800     3.3362
   40.4000     4.9884
   40.4200     2.6092
   40.4400     3.1513
   40.4600     5.3649
   40.4800     3.5129
   40.5000     4.6250
   40.5200     2.9153
   40.5400     3.1080
   40.5600     3.2935
   40.5800     3.6142
   40.6000     3.0348
   40.6200     3.4444
   40.6400     4.1944
   40.6600     4.8108
   40.6800     3.5609
   40.7000     4.1820
   40.7200     4.4868
   40.7400     2.2174
   40.7600     1.6539
   40.7800     5.3043
   40.8000     4.9690
   40.8200     3.5308
   40.8400     3.8711
   40.8600     2.3973
   40.8800     1.8976
   40.9000     3.8449
   40.9200     1.7897
   40.9400     4.5382
   40.9600     2.7218
   40.9800     3.8373
   41.0000     5.7231
   41.0200     5.6757
   41.0400     3.2133
   41.0600     4.7518
   41.0800     2.3600
   41.1000     2.8770
   41.1200     3.9787
   41.1400     5.1503
   41.1600     2.9172
   41.1800     4.2036
   41.2000     3.7113
   41.2200     2.1618
   41.2400     3.4659
   41.2600     5.3482
   41.2800     3.5418
   41.3000     4.2376
   41.3200     4.6283
   41.3400     2.8553
   41.3600     5.1264
   41.3800     5.4588
   41.4000     5.5890
   41.4200     5.2877
   41.4400     3.2780
   41.4600     3.1668
   41.4800     2.9674
   41.5000     2.8592
   41.5200     3.0205
   41.5400     5.1026
   41.5600     5.6796
   41.5800     3.3115
   41.6000     5.0166
   41.6200     2.6842
   41.6400     3.8078
   41.6600     3.0913
   41.6800     2.4202
   41.7000     4.4037
   41.7200     4.4906
   41.7400     3.9962
   41.7600     3.9285
   41.7800     3.4662
   41.8000     4.5147
   41.8200     4.0518
   41.8400     5.0923
   41.8600     3.5130
   41.8800     5.2372
   41.9000     5.6468
   41.9200     6.5718
   41.9400     6.4394
   41.9600     5.5425
   41.9800     4.6313
   42.0000     3.4067
   42.0200     5.5905
   42.0400     7.3130
   42.0600     7.6863
   42.0800     2.9582
   42.1000     5.0963
   42.1200     5.6501
   42.1400     4.9428
   42.1600     6.4332
   42.1800     6.3411
   42.2000     5.7758
   42.2200     6.3950
   42.2400     4.6687
   42.2600     5.4343
   42.2800     5.5665
   42.3000     7.6618
   42.3200     4.7919
   42.3400     6.4343
   42.3600     7.5817
   42.3800     6.6263
   42.4000     7.6109
   42.4200     5.9115
   42.4400     7.1341
   42.4600     7.6373
   42.4800     9.1206
   42.5000     7.3429
   42.5200     8.0921
   42.5400     6.4050
   42.5600     6.4399
   42.5800     8.0598
   42.6000     6.8557
   42.6200     7.7408
   42.6400     6.8505
   42.6600     8.3952
   42.6800     8.6178
   42.7000     4.8429
   42.7200     7.8621
   42.7400     6.1498
   42.7600     6.1244
   42.7800     5.3712
   42.8000     6.2588
   42.8200     4.0877
   42.8400     4.4639
   42.8600     4.3578
   42.8800     5.5089
   42.9000     6.1781
   42.9200     5.9128
   42.9400     5.4397
   42.9600     4.2888
   42.9800     2.9044
   43.0000     5.3513
   43.0200     5.0194
   43.0400     5.2306
   43.0600     6.4323
   43.0800     4.5586
   43.1000     4.5157
   43.1200     2.0703
   43.1400     5.3622
   43.1600     4.6557
   43.1800     3.8589
   43.2000     5.1522
   43.2200     3.5142
   43.2400     4.1011
   43.2600     6.9933
   43.2800     5.6211
   43.3000     5.8450
   43.3200     5.6708
   43.3400     5.5829
   43.3600     5.1070
   43.3800     7.5565
   43.4000     4.8974
   43.4200     5.8855
   43.4400     4.8542
   43.4600     4.7738
   43.4800     2.4554
   43.5000     3.1339
   43.5200     7.2191
   43.5400     7.2554
   43.5600     5.1559
   43.5800     5.7437
   43.6000     6.6181
   43.6200     4.9147
   43.6400     8.2453
   43.6600     5.1825
   43.6800     5.7276
   43.7000     3.5698
   43.7200     8.6886
   43.7400     7.2302
   43.7600     9.2575
   43.7800     6.4834
   43.8000     8.2798
   43.8200     8.2473
   43.8400     8.6745
   43.8600    11.1285
   43.8800    11.6605
   43.9000    10.9672
   43.9200     9.2609
   43.9400    11.1011
   43.9600    11.9861
   43.9800    11.4591
   44.0000    11.8611
   44.0200    12.1601
   44.0400    10.9795
   44.0600    12.7143
   44.0800    14.6995
   44.1000    12.1419
   44.1200    13.8133
   44.1400    15.1136
   44.1600    13.0199
   44.1800    14.8607
   44.2000    13.4939
   44.2200    15.1637
   44.2400    14.6476
   44.2600    15.6237
   44.2800    16.4606
   44.3000    17.0532
   44.3200    17.4576
   44.3400    15.2190
   44.3600    20.0681
   44.3800    18.1479
   44.4000    17.3859
   44.4200    18.0622
   44.4400    19.2359
   44.4600    17.7771
   44.4800    18.4551
   44.5000    18.3463
   44.5200    19.4162
   44.5400    17.8005
   44.5600    19.0037
   44.5800    18.6653
   44.6000    17.8376
   44.6200    19.1444
   44.6400    17.4211
   44.6600    15.6969
   44.6800    17.0217
   44.7000    16.4310
   44.7200    15.8368
   44.7400    15.7317
   44.7600    17.7368
   44.7800    14.8709
   44.8000    14.6906
   44.8200    13.4423
   44.8400    14.7933
   44.8600    12.7876
   44.8800    11.5010
   44.9000    10.5944
   44.9200    12.1897
   44.9400    12.0330
   44.9600     8.9563
   44.9800     9.5653
   45.0000    10.7610
   45.0200    10.8438
   45.0400     7.7978
   45.0600     8.5123
   45.0800     9.6172
   45.1000     7.7400
   45.1200     7.5427
   45.1400     7.1601
   45.1600     6.0141
   45.1800     7.3178
   45.2000     7.3753
   45.2200     5.1889
   45.2400     6.7024
   45.2600     7.6599
   45.2800     6.4369
   45.3000     7.1101
   45.3200     5.2244
   45.3400     7.2738
   45.3600     4.6519
   45.3800     7.5863
   45.4000     4.7771
   45.4200     4.3493
   45.4400     4.0393
   45.4600     4.4886
   45.4800     4.3009
   45.5000     3.9870
   45.5200     4.3184
   45.5400     5.3840
   45.5600     5.5630
   45.5800     4.0951
   45.6000     5.8402
   45.6200     3.2171
   45.6400     3.1285
   45.6600     2.9608
   45.6800     4.9051
   45.7000     2.3882
   45.7200     2.5245
   45.7400     5.5602
   45.7600     6.0230
   45.7800     5.5644
   45.8000     2.2744
   45.8200     3.9716
   45.8400     4.8853
   45.8600     4.0135
   45.8800     2.0175
   45.9000     3.4593
   45.9200     1.8778
   45.9400     2.3912
   45.9600     6.2599
   45.9800     4.5471
   46.0000     2.0610
   46.0200     2.0043
   46.0400     4.2355
   46.0600     2.9937
   46.0800     4.3413
   46.1000     2.9181
   46.1200     3.4171
   46.1400     3.9064
   46.1600     2.4312
   46.1800     1.3978
   46.2000     2.2188
   46.2200     2.7759
   46.2400     3.3312
   46.2600     3.4854
   46.2800     3.4642
   46.3000     4.1211
   46.3200     2.4936
   46.3400     5.1115
   46.3600     5.7980
   46.3800     3.9080
   46.4000     3.6938
   46.4200     4.9019
   46.4400     4.2040
   46.4600     3.6658
   46.4800     3.2485
   46.5000     2.5838
   46.5200     2.0813
   46.5400     4.1814
   46.5600     4.7740
   46.5800     2.1870
   46.6000     3.3114
   46.6200     3.6376
   46.6400     2.8912
   46.6600     2.4985
   46.6800     2.9157
   46.7000     1.0962
   46.7200     3.2841
   46.7400     3.0099
   46.7600     5.7746
   46.7800     4.4123
   46.8000     2.9334
   46.8200     3.3157
   46.8400     5.2914
   46.8600     5.1596
   46.8800     3.5212
   46.9000     3.1565
   46.9200     1.6387
   46.9400     2.9186
   46.9600     3.0958
   46.9800     2.4399
   47.0000     5.2691
   47.0200     1.1215
   47.0400     3.1167
   47.0600     3.7362
   47.0800     3.7664
   47.1000     5.1988
   47.1200     1.6497
   47.1400     2.3936
   47.1600     3.3610
   47.1800     3.3980
   47.2000     2.7992
   47.2200     2.3610
   47.2400     4.4689
   47.2600     2.0261
   47.2800     2.5686
   47.3000     4.8781
   47.3200     5.2159
   47.3400     4.2222
   47.3600     2.2290
   47.3800     2.2346
   47.4000     2.1788
   47.4200     1.9059
   47.4400     2.7289
   47.4600     4.6645
   47.4800     3.4573
   47.5000     2.3304
   47.5200     2.3022
   47.5400     1.8425
   47.5600     4.5774
   47.5800     0.8669
   47.6000     3.4989
   47.6200     1.5273
   47.6400     1.9615
   47.6600     1.4653
   47.6800     4.2799
   47.7000     3.0764
   47.7200     6.3199
   47.7400     1.9731
   47.7600     1.9044
   47.7800     3.8385
   47.8000     3.8040
   47.8200     2.8315
   47.8400     0.8305
   47.8600     4.8103
   47.8800     3.8010
   47.9000     3.6034
   47.9200     2.4608
   47.9400     3.8769
   47.9600     2.4938
   47.9800     3.1846
   48.0000     2.9158
   48.0200     4.5761
   48.0400     2.5878
   48.0600     2.7293
   48.0800     4.3945
   48.1000     3.3832
   48.1200     3.0983
   48.1400     2.8421
   48.1600     4.2103
   48.1800     2.3686
   48.2000     3.6563
   48.2200     5.4473
   48.2400     3.5716
   48.2600     2.2086
   48.2800     1.7285
   48.3000     3.2779
   48.3200     1.6971
   48.3400     1.2748
   48.3600     2.2332
   48.3800     1.8461
   48.4000     4.1103
   48.4200     1.4352
   48.4400     4.9216
   48.4600     2.2378
   48.4800     3.2379
   48.5000     3.8739
   48.5200     3.3579
   48.5400     3.9301
   48.5600     1.9663
   48.5800     0.4887
   48.6000     2.8688
   48.6200     1.1667
   48.6400     2.4324
   48.6600     4.1856
   48.6800     2.8731
   48.7000     2.4187
   48.7200     1.8025
   48.7400     2.7662
   48.7600     2.9036
   48.7800     1.2851
   48.8000     3.4439
   48.8200     1.8704
   48.8400     3.3599
   48.8600     2.5915
   48.8800     4.2514
   48.9000     4.1008
   48.9200     3.1300
   48.9400     2.9984
   48.9600     3.6320
   48.9800     4.7243
   49.0000     4.3668
   49.0200     3.3345
   49.0400     3.5241
   49.0600     4.9847
   49.0800     1.3003
   49.1000     3.8120
   49.1200     2.1620
   49.1400     4.7669
   49.1600     2.6515
   49.1800     3.1028
   49.2000     1.9942
   49.2200     3.2753
   49.2400     4.1834
   49.2600     5.2088
   49.2800     1.8482
   49.3000     2.8099
   49.3200     7.8301
   49.3400     4.4385
   49.3600     3.3663
   49.3800     3.9962
   49.4000     0.3507
   49.4200     5.2957
   49.4400     3.6447
   49.4600     1.8377
   49.4800     4.8598
   49.5000     2.8196
   49.5200     2.3924
   49.5400     4.2091
   49.5600     4.1036
   49.5800     3.1499
   49.6000     3.6317
   49.6200     2.2115
   49.6400     2.1372
   49.6600     4.8800
   49.6800     5.4081
   49.7000     4.4403
   49.7200     4.4270
   49.7400     3.5980
   49.7600     3.9619
   49.7800     3.0954
   49.8000     6.2566
   49.8200     3.6496
   49.8400     4.8430
   49.8600     4.4427
   49.8800     2.9071
   49.9000     6.8206
   49.9200     4.2384
   49.9400     3.8670
   49.9600     4.9640
   49.9800     3.8833
   50.0000     5.0342
   50.0200     3.9821
   50.0400     5.8214
   50.0600     5.3220
   50.0800     3.7718
   50.1000     6.6220
   50.1200     5.7370
   50.1400     4.3287
   50.1600     6.0914
   50.1800     6.2509
   50.2000     7.9705
   50.2200     4.9070
   50.2400     6.9490
   50.2600     5.9157
   50.2800     6.7856
   50.3000     5.8203
   50.3200     6.0930
   50.3400     6.7611
   50.3600     4.8395
   50.3800     3.8002
   50.4000     6.2140
   50.4200     5.7057
   50.4400     6.3049
   50.4600     6.9216
   50.4800     5.9016
   50.5000     7.4868
   50.5200     6.0194
   50.5400     6.1444
   50.5600     6.9144
   50.5800     6.5685
   50.6000     5.7206
   50.6200     5.8941
   50.6400     4.8002
   50.6600     4.8848
   50.6800     5.6292
   50.7000     6.3664
   50.7200     4.8422
   50.7400     6.2268
   50.7600     7.4119
   50.7800     7.5661
   50.8000     5.0406
   50.8200     6.1435
   50.8400     5.5524
   50.8600     5.6765
   50.8800     5.6595
   50.9000     5.2222
   50.9200     5.4990
   50.9400     4.6978
   50.9600     4.1107
   50.9800     4.6365
   51.0000     4.8497
   51.0200     5.6310
   51.0400     4.5907
   51.0600     4.9630
   51.0800     5.6961
   51.1000     2.9298
   51.1200     3.6547
   51.1400     4.5335
   51.1600     3.8985
   51.1800     2.6608
   51.2000     4.9294
   51.2200     3.6730
   51.2400     2.5683
   51.2600     5.8716
   51.2800     2.1823
   51.3000     3.6160
   51.3200     2.8334
   51.3400     3.7088
   51.3600     4.2104
   51.3800     2.5994
   51.4000     3.4018
   51.4200     3.3537
   51.4400     2.3330
   51.4600     4.8171
   51.4800     3.6592
   51.5000     3.1164
   51.5200     2.6705
   51.5400     3.0426
   51.5600     3.5827
   51.5800     2.8789
   51.6000     4.8423
   51.6200     0.4669
   51.6400     0.9242
   51.6600     3.0915
   51.6800     1.2585
   51.7000     3.3011
   51.7200     2.6186
   51.7400     4.0431
   51.7600     3.8496
   51.7800     4.8785
   51.8000     4.4314
   51.8200     4.8154
   51.8400     3.9819
   51.8600     4.6025
   51.8800     3.9515
   51.9000     2.6958
   51.9200     1.9381
   51.9400     1.9868
   51.9600     3.9394
   51.9800     0.6409
   52.0000     3.5929
   52.0200     2.5289
   52.0400     4.2460
   52.0600     3.6350
   52.0800     2.5475
   52.1000     3.4336
   52.1200     0.8065
   52.1400     3.7430
   52.1600     3.9778
   52.1800     1.3338
   52.2000     4.4487
   52.2200     3.3348
   52.2400     3.6830
   52.2600     1.8625
   52.2800     4.2085
   52.3000     4.1972
   52.3200     3.5279
   52.3400     2.4302
   52.3600     4.4610
   52.3800     5.0401
   52.4000     4.0897
   52.4200     4.8071
   52.4400     3.0103
   52.4600     3.8925
   52.4800     4.1802
   52.5000     3.9500
   52.5200     7.0652
   52.5400     4.3463
   52.5600     3.2620
   52.5800     4.9075
   52.6000     2.7558
   52.6200     4.4830
   52.6400     5.0026
   52.6600     3.6123
   52.6800     3.8756
   52.7000     3.2339
   52.7200     4.5389
   52.7400     3.6890
   52.7600     6.5448
   52.7800     5.3823
   52.8000     4.4739
   52.8200     3.2001
   52.8400     7.2733
   52.8600     6.5397
   52.8800     5.6994
   52.9000     5.5018
   52.9200     5.5967
   52.9400     4.9898
   52.9600     7.8261
   52.9800     6.0385
   53.0000     4.2922
   53.0200     5.3409
   53.0400     3.2815
   53.0600     7.1670
   53.0800     7.4502
   53.1000     8.7743
   53.1200     9.3205
   53.1400     6.1796
   53.1600     7.7699
   53.1800     8.5742
   53.2000     8.5166
   53.2200     7.1949
   53.2400     8.8793
   53.2600     8.6980
   53.2800     9.8645
   53.3000     8.4310
   53.3200     8.3495
   53.3400     8.1908
   53.3600     8.4881
   53.3800     8.1777
   53.4000     8.7923
   53.4200     9.8743
   53.4400     9.9242
   53.4600    10.9974
   53.4800    10.8074
   53.5000    10.3204
   53.5200     8.3091
   53.5400    10.3049
   53.5600    10.9859
   53.5800     8.1266
   53.6000     8.3021
   53.6200     8.4313
   53.6400     8.2587
   53.6600     9.0308
   53.6800     8.1827
   53.7000     9.5858
   53.7200     7.6155
   53.7400     8.7221
   53.7600     8.1442
   53.7800     7.4455
   53.8000     9.5859
   53.8200     8.2589
   53.8400     8.6763
   53.8600     7.4940
   53.8800     8.5079
   53.9000     8.2272
   53.9200     7.1667
   53.9400     5.1245
   53.9600     7.9312
   53.9800     7.6101
   54.0000     6.8509
   54.0200     6.7541
   54.0400     6.4533
   54.0600     6.3725
   54.0800     4.8404
   54.1000     5.7805
   54.1200     6.0643
   54.1400     4.8541
   54.1600     4.3068
   54.1800     7.4289
   54.2000     5.8650
   54.2200     4.6953
   54.2400     4.3679
   54.2600     1.7878
   54.2800     3.0834
   54.3000     4.3370
   54.3200     6.0115
   54.3400     2.0779
   54.3600     3.5555
   54.3800     6.4819
   54.4000     4.9781
   54.4200     4.6157
   54.4400     5.4474
   54.4600     3.8753
   54.4800     3.7523
   54.5000     4.7245
   54.5200     4.8315
   54.5400     2.5803
   54.5600     5.5191
   54.5800     1.7185
   54.6000     2.8860
   54.6200     7.1832
   54.6400     3.0291
   54.6600     4.3404
   54.6800     2.4066
   54.7000     3.1631
   54.7200     2.6790
   54.7400     3.0255
   54.7600     4.2164
   54.7800     5.4522
   54.8000     4.4272
   54.8200     5.1951
   54.8400     2.8065
   54.8600     5.0582
   54.8800     4.0067
   54.9000     4.9211
   54.9200     2.8502
   54.9400     3.0506
   54.9600     4.8764
   54.9800     3.9946
   55.0000     3.4043
   55.0200     2.4828
   55.0400     3.1431
   55.0600     3.8049
   55.0800     4.0665
   55.1000     2.5887
   55.1200     2.8246
   55.1400     3.6992
   55.1600     1.9227
   55.1800     4.2637
   55.2000     3.1655
   55.2200     3.0069
   55.2400     0.3762
   55.2600     1.3044
   55.2800     1.9327
   55.3000     2.4444
   55.3200     1.8443
   55.3400     3.5252
   55.3600     3.2421
   55.3800     2.7746
   55.4000     0.7382
   55.4200     4.6777
   55.4400     2.7466
   55.4600     3.7412
   55.4800     2.2872
   55.5000     3.0511
   55.5200     3.8485
   55.5400     3.3148
   55.5600     4.1454
   55.5800     2.8276
   55.6000     5.3210
   55.6200     0.8523
   55.6400     2.3902
   55.6600     4.1461
   55.6800     2.7280
   55.7000     2.5035
   55.7200     0.9695
   55.7400     4.3829
   55.7600     0.8209
   55.7800     3.5815
   55.8000     3.2185
   55.8200     3.9968
   55.8400     4.6646
   55.8600     2.1768
   55.8800     2.0505
   55.9000     2.6128
   55.9200     0.9991
   55.9400     3.9138
   55.9600     2.5099
   55.9800     3.1458
   56.0000     1.6611
   56.0200     2.9664
   56.0400     2.2367
   56.0600     2.8609
   56.0800     1.6883
   56.1000     4.1191
   56.1200     2.1908
   56.1400     0.0000
   56.1600     3.6732
   56.1800     2.5847
   56.2000     1.9109
   56.2200     5.8035
   56.2400     2.8622
   56.2600     1.3818
   56.2800     2.2113
   56.3000     3.3530
   56.3200     2.6549
   56.3400     4.3398
   56.3600     4.1350
   56.3800     2.0019
   56.4000     2.9541
   56.4200     3.6470
   56.4400     2.4347
   56.4600     2.3754
   56.4800     3.9186
   56.5000     3.4255
   56.5200     1.2952
   56.5400     2.2758
   56.5600     2.4311
   56.5800     2.7700
   56.6000     2.0808
   56.6200     4.4477
   56.6400     1.7908
   56.6600     1.6573
   56.6800     3.1473
   56.7000     0.3157
   56.7200     1.7205
   56.7400     3.6252
   56.7600     1.3834
   56.7800     1.9362
   56.8000     4.1558
   56.8200     3.4336
   56.8400     2.9758
   56.8600     3.1918
   56.8800     2.1350
   56.9000     3.2702
   56.9200     2.6831
   56.9400     5.7907
   56.9600     3.5392
   56.9800     2.5335
   57.0000     2.8629
   57.0200     2.9871
   57.0400     1.3411
   57.0600     1.9819
   57.0800     4.6852
   57.1000     1.3186
   57.1200     2.2665
   57.1400     4.1124
   57.1600     4.6751
   57.1800     1.7642
   57.2000     4.6240
   57.2200     2.5287
   57.2400     4.8521
   57.2600     3.5271
   57.2800     2.6292
   57.3000     3.7948
   57.3200     3.6039
   57.3400     2.0744
   57.3600     5.4346
   57.3800     2.5727
   57.4000     4.2961
   57.4200     2.4162
   57.4400     0.8770
   57.4600     1.6897
   57.4800     2.8671
   57.5000     3.7703
   57.5200     5.0134
   57.5400     3.0861
   57.5600     2.6714
   57.5800     1.5857
   57.6000     2.9499
   57.6200     3.3518
   57.6400     0.4664
   57.6600     4.5146
   57.6800     4.3267
   57.7000     5.6412
   57.7200     1.9818
   57.7400     3.0782
   57.7600     3.0560
   57.7800     1.5182
   57.8000     2.0713
   57.8200     1.9223
   57.8400     3.6534
   57.8600     3.5647
   57.8800     4.6271
   57.9000     2.6204
   57.9200     1.4848
   57.9400     3.6065
   57.9600     3.5369
   57.9800     3.8883
   58.0000     4.5670
   58.0200     2.4726
   58.0400     4.0776
   58.0600     2.0179
   58.0800     3.3688
   58.1000     3.9989
   58.1200     3.0897
   58.1400     3.4922
   58.1600     1.6593
   58.1800     2.5360
   58.2000     3.4798
   58.2200     1.9486
   58.2400     2.3772
   58.2600     6.1872
   58.2800     3.7149
   58.3000     2.5010
   58.3200     2.2948
   58.3400     5.1056
   58.3600     0.3289
   58.3800     3.1708
   58.4000     4.3107
   58.4200     2.9824
   58.4400     4.2772
   58.4600     2.5193
   58.4800     3.7636
   58.5000     3.8874
   58.5200     3.9174
   58.5400     4.1375
   58.5600     4.0854
   58.5800     5.4059
   58.6000     3.8939
   58.6200     3.6029
   58.6400     4.0434
   58.6600     4.1092
   58.6800     2.8019
   58.7000     2.4550
   58.7200     3.2005
   58.7400     5.1896
   58.7600     4.2059
   58.7800     4.6133
   58.8000     8.5023
   58.8200     6.6177
   58.8400     5.2049
   58.8600     4.8447
   58.8800     7.2798
   58.9000     4.9264
   58.9200     7.3761
   58.9400     6.7591
   58.9600     7.8049
   58.9800     5.5060
   59.0000     7.5056
   59.0200     4.5053
   59.0400     6.5105
   59.0600     8.0683
   59.0800     7.7386
   59.1000     4.9325
   59.1200     7.9312
   59.1400     7.7567
   59.1600     7.2419
   59.1800     6.5567
   59.2000     7.1271
   59.2200     6.8415
   59.2400     8.6299
   59.2600     8.1039
   59.2800     8.8113
   59.3000     8.3762
   59.3200     6.0969
   59.3400     7.7026
   59.3600     9.9735
   59.3800     6.1821
   59.4000     7.7208
   59.4200     6.4283
   59.4400     6.2215
   59.4600     7.3969
   59.4800     8.1116
   59.5000     7.8325
   59.5200     7.3690
   59.5400     7.8131
   59.5600     4.7250
   59.5800     7.4140
   59.6000     6.8114
   59.6200     6.0064
   59.6400     6.0754
   59.6600     4.9758
   59.6800     7.1664
   59.7000     4.8309
   59.7200     3.8720
   59.7400     5.4355
   59.7600     4.6520
   59.7800     5.1161
   59.8000     6.8177
   59.8200     4.8037
   59.8400     4.9917
   59.8600     7.3482
   59.8800     3.0197
   59.9000     4.9561
   59.9200     5.7794
   59.9400     6.0855
   59.9600     6.8369
   59.9800     3.4067
   60.0000     4.7846
