# Absorcion de rayos X cerca del borde
# Olla-DFT (entonces QEkit 0.12.0) — generado 2026-08-29 01:14 UTC
# comando: olla-dft xanes Si8.cif --collect -o run --element Si --edge K --format png
# parámetros: elemento = Si; borde = K; xgamma_eV = 0.8
#       E-EF(eV)           sigma         sigma_x         sigma_y         sigma_z
    -10.000000       0.000074       0.000074       0.000074       0.000074
     -9.959960       0.000074       0.000074       0.000074       0.000074
     -9.919920       0.000074       0.000074       0.000074       0.000074
     -9.879880       0.000075       0.000075       0.000075       0.000075
     -9.839840       0.000075       0.000075       0.000075       0.000075
     -9.799800       0.000076       0.000076       0.000076       0.000076
     -9.759760       0.000076       0.000076       0.000076       0.000076
     -9.719720       0.000076       0.000076       0.000076       0.000076
     -9.679680       0.000077       0.000077       0.000077       0.000077
     -9.639640       0.000077       0.000077       0.000077       0.000077
     -9.599600       0.000078       0.000078       0.000078       0.000078
     -9.559560       0.000078       0.000078       0.000078       0.000078
     -9.519520       0.000079       0.000079       0.000079       0.000079
     -9.479479       0.000079       0.000079       0.000079       0.000079
     -9.439439       0.000079       0.000079       0.000079       0.000079
     -9.399399       0.000080       0.000080       0.000080       0.000080
     -9.359359       0.000080       0.000080       0.000080       0.000080
     -9.319319       0.000081       0.000081       0.000081       0.000081
     -9.279279       0.000081       0.000081       0.000081       0.000081
     -9.239239       0.000082       0.000082       0.000082       0.000082
     -9.199199       0.000082       0.000082       0.000082       0.000082
     -9.159159       0.000083       0.000083       0.000083       0.000083
     -9.119119       0.000083       0.000083       0.000083       0.000083
     -9.079079       0.000084       0.000084       0.000084       0.000084
     -9.039039       0.000084       0.000084       0.000084       0.000084
     -8.998999       0.000084       0.000084       0.000084       0.000084
     -8.958959       0.000085       0.000085       0.000085       0.000085
     -8.918919       0.000085       0.000085       0.000085       0.000085
     -8.878879       0.000086       0.000086       0.000086       0.000086
     -8.838839       0.000086       0.000086       0.000086       0.000086
     -8.798799       0.000087       0.000087       0.000087       0.000087
     -8.758759       0.000087       0.000087       0.000087       0.000087
     -8.718719       0.000088       0.000088       0.000088       0.000088
     -8.678679       0.000089       0.000089       0.000089       0.000089
     -8.638639       0.000089       0.000089       0.000089       0.000089
     -8.598599       0.000090       0.000090       0.000090       0.000090
     -8.558559       0.000090       0.000090       0.000090       0.000090
     -8.518519       0.000091       0.000091       0.000091       0.000091
     -8.478478       0.000091       0.000091       0.000091       0.000091
     -8.438438       0.000092       0.000092       0.000092       0.000092
     -8.398398       0.000092       0.000092       0.000092       0.000092
     -8.358358       0.000093       0.000093       0.000093       0.000093
     -8.318318       0.000093       0.000093       0.000093       0.000093
     -8.278278       0.000094       0.000094       0.000094       0.000094
     -8.238238       0.000095       0.000095       0.000095       0.000095
     -8.198198       0.000095       0.000095       0.000095       0.000095
     -8.158158       0.000096       0.000096       0.000096       0.000096
     -8.118118       0.000096       0.000096       0.000096       0.000096
     -8.078078       0.000097       0.000097       0.000097       0.000097
     -8.038038       0.000098       0.000098       0.000098       0.000098
     -7.997998       0.000098       0.000098       0.000098       0.000098
     -7.957958       0.000099       0.000099       0.000099       0.000099
     -7.917918       0.000099       0.000099       0.000099       0.000099
     -7.877878       0.000100       0.000100       0.000100       0.000100
     -7.837838       0.000101       0.000101       0.000101       0.000101
     -7.797798       0.000101       0.000101       0.000101       0.000101
     -7.757758       0.000102       0.000102       0.000102       0.000102
     -7.717718       0.000103       0.000103       0.000103       0.000103
     -7.677678       0.000103       0.000103       0.000103       0.000103
     -7.637638       0.000104       0.000104       0.000104       0.000104
     -7.597598       0.000105       0.000105       0.000105       0.000105
     -7.557558       0.000105       0.000105       0.000105       0.000105
     -7.517518       0.000106       0.000106       0.000106       0.000106
     -7.477477       0.000107       0.000107       0.000107       0.000107
     -7.437437       0.000107       0.000107       0.000107       0.000107
     -7.397397       0.000108       0.000108       0.000108       0.000108
     -7.357357       0.000109       0.000109       0.000109       0.000109
     -7.317317       0.000110       0.000110       0.000110       0.000110
     -7.277277       0.000110       0.000110       0.000110       0.000110
     -7.237237       0.000111       0.000111       0.000111       0.000111
     -7.197197       0.000112       0.000112       0.000112       0.000112
     -7.157157       0.000113       0.000113       0.000113       0.000113
     -7.117117       0.000113       0.000113       0.000113       0.000113
     -7.077077       0.000114       0.000114       0.000114       0.000114
     -7.037037       0.000115       0.000115       0.000115       0.000115
     -6.996997       0.000116       0.000116       0.000116       0.000116
     -6.956957       0.000117       0.000117       0.000117       0.000117
     -6.916917       0.000117       0.000117       0.000117       0.000117
     -6.876877       0.000118       0.000118       0.000118       0.000118
     -6.836837       0.000119       0.000119       0.000119       0.000119
     -6.796797       0.000120       0.000120       0.000120       0.000120
     -6.756757       0.000121       0.000121       0.000121       0.000121
     -6.716717       0.000122       0.000122       0.000122       0.000122
     -6.676677       0.000122       0.000122       0.000122       0.000122
     -6.636637       0.000123       0.000123       0.000123       0.000123
     -6.596597       0.000124       0.000124       0.000124       0.000124
     -6.556557       0.000125       0.000125       0.000125       0.000125
     -6.516517       0.000126       0.000126       0.000126       0.000126
     -6.476476       0.000127       0.000127       0.000127       0.000127
     -6.436436       0.000128       0.000128       0.000128       0.000128
     -6.396396       0.000129       0.000129       0.000129       0.000129
     -6.356356       0.000130       0.000130       0.000130       0.000130
     -6.316316       0.000131       0.000131       0.000131       0.000131
     -6.276276       0.000132       0.000132       0.000132       0.000132
     -6.236236       0.000133       0.000133       0.000133       0.000133
     -6.196196       0.000134       0.000134       0.000134       0.000134
     -6.156156       0.000135       0.000135       0.000135       0.000135
     -6.116116       0.000136       0.000136       0.000136       0.000136
     -6.076076       0.000137       0.000137       0.000137       0.000137
     -6.036036       0.000138       0.000138       0.000138       0.000138
     -5.995996       0.000139       0.000139       0.000139       0.000139
     -5.955956       0.000140       0.000140       0.000140       0.000140
     -5.915916       0.000141       0.000141       0.000141       0.000141
     -5.875876       0.000142       0.000142       0.000142       0.000142
     -5.835836       0.000143       0.000143       0.000143       0.000143
     -5.795796       0.000145       0.000145       0.000145       0.000145
     -5.755756       0.000146       0.000146       0.000146       0.000146
     -5.715716       0.000147       0.000147       0.000147       0.000147
     -5.675676       0.000148       0.000148       0.000148       0.000148
     -5.635636       0.000149       0.000149       0.000149       0.000149
     -5.595596       0.000151       0.000151       0.000151       0.000151
     -5.555556       0.000152       0.000152       0.000152       0.000152
     -5.515516       0.000153       0.000153       0.000153       0.000153
     -5.475475       0.000154       0.000154       0.000154       0.000154
     -5.435435       0.000156       0.000156       0.000156       0.000156
     -5.395395       0.000157       0.000157       0.000157       0.000157
     -5.355355       0.000158       0.000158       0.000158       0.000158
     -5.315315       0.000160       0.000160       0.000160       0.000160
     -5.275275       0.000161       0.000161       0.000161       0.000161
     -5.235235       0.000162       0.000162       0.000162       0.000162
     -5.195195       0.000164       0.000164       0.000164       0.000164
     -5.155155       0.000165       0.000165       0.000165       0.000165
     -5.115115       0.000166       0.000166       0.000166       0.000166
     -5.075075       0.000168       0.000168       0.000168       0.000168
     -5.035035       0.000169       0.000169       0.000169       0.000169
     -4.994995       0.000171       0.000171       0.000171       0.000171
     -4.954955       0.000172       0.000172       0.000172       0.000172
     -4.914915       0.000174       0.000174       0.000174       0.000174
     -4.874875       0.000176       0.000176       0.000176       0.000176
     -4.834835       0.000177       0.000177       0.000177       0.000177
     -4.794795       0.000179       0.000179       0.000179       0.000179
     -4.754755       0.000180       0.000180       0.000180       0.000180
     -4.714715       0.000182       0.000182       0.000182       0.000182
     -4.674675       0.000184       0.000184       0.000184       0.000184
     -4.634635       0.000185       0.000185       0.000185       0.000185
     -4.594595       0.000187       0.000187       0.000187       0.000187
     -4.554555       0.000189       0.000189       0.000189       0.000189
     -4.514515       0.000191       0.000191       0.000191       0.000191
     -4.474474       0.000192       0.000192       0.000192       0.000192
     -4.434434       0.000194       0.000194       0.000194       0.000194
     -4.394394       0.000196       0.000196       0.000196       0.000196
     -4.354354       0.000198       0.000198       0.000198       0.000198
     -4.314314       0.000200       0.000200       0.000200       0.000200
     -4.274274       0.000202       0.000202       0.000202       0.000202
     -4.234234       0.000204       0.000204       0.000204       0.000204
     -4.194194       0.000206       0.000206       0.000206       0.000206
     -4.154154       0.000208       0.000208       0.000208       0.000208
     -4.114114       0.000210       0.000210       0.000210       0.000210
     -4.074074       0.000212       0.000212       0.000212       0.000212
     -4.034034       0.000214       0.000215       0.000215       0.000215
     -3.993994       0.000217       0.000217       0.000217       0.000217
     -3.953954       0.000219       0.000219       0.000219       0.000219
     -3.913914       0.000221       0.000221       0.000221       0.000221
     -3.873874       0.000224       0.000224       0.000224       0.000224
     -3.833834       0.000226       0.000226       0.000226       0.000226
     -3.793794       0.000228       0.000228       0.000228       0.000228
     -3.753754       0.000231       0.000231       0.000231       0.000231
     -3.713714       0.000233       0.000233       0.000233       0.000233
     -3.673674       0.000236       0.000236       0.000236       0.000236
     -3.633634       0.000238       0.000238       0.000238       0.000238
     -3.593594       0.000241       0.000241       0.000241       0.000241
     -3.553554       0.000244       0.000244       0.000244       0.000244
     -3.513514       0.000246       0.000246       0.000246       0.000246
     -3.473473       0.000249       0.000249       0.000249       0.000249
     -3.433433       0.000252       0.000252       0.000252       0.000252
     -3.393393       0.000255       0.000255       0.000255       0.000255
     -3.353353       0.000258       0.000258       0.000258       0.000258
     -3.313313       0.000261       0.000261       0.000261       0.000261
     -3.273273       0.000264       0.000264       0.000264       0.000264
     -3.233233       0.000267       0.000267       0.000267       0.000267
     -3.193193       0.000270       0.000270       0.000270       0.000270
     -3.153153       0.000273       0.000273       0.000273       0.000273
     -3.113113       0.000277       0.000277       0.000277       0.000277
     -3.073073       0.000280       0.000280       0.000280       0.000280
     -3.033033       0.000283       0.000283       0.000283       0.000283
     -2.992993       0.000287       0.000287       0.000287       0.000287
     -2.952953       0.000290       0.000290       0.000290       0.000290
     -2.912913       0.000294       0.000294       0.000294       0.000294
     -2.872873       0.000298       0.000298       0.000298       0.000298
     -2.832833       0.000302       0.000302       0.000302       0.000302
     -2.792793       0.000305       0.000305       0.000305       0.000305
     -2.752753       0.000309       0.000309       0.000309       0.000309
     -2.712713       0.000313       0.000313       0.000313       0.000313
     -2.672673       0.000318       0.000318       0.000318       0.000318
     -2.632633       0.000322       0.000322       0.000322       0.000322
     -2.592593       0.000326       0.000326       0.000326       0.000326
     -2.552553       0.000331       0.000331       0.000331       0.000331
     -2.512513       0.000335       0.000335       0.000335       0.000335
     -2.472472       0.000340       0.000340       0.000340       0.000340
     -2.432432       0.000344       0.000344       0.000344       0.000344
     -2.392392       0.000349       0.000349       0.000349       0.000349
     -2.352352       0.000354       0.000354       0.000354       0.000354
     -2.312312       0.000359       0.000359       0.000359       0.000359
     -2.272272       0.000364       0.000364       0.000364       0.000364
     -2.232232       0.000370       0.000370       0.000370       0.000370
     -2.192192       0.000375       0.000375       0.000375       0.000375
     -2.152152       0.000381       0.000381       0.000381       0.000381
     -2.112112       0.000387       0.000387       0.000387       0.000387
     -2.072072       0.000392       0.000392       0.000392       0.000392
     -2.032032       0.000398       0.000398       0.000398       0.000398
     -1.991992       0.000405       0.000405       0.000405       0.000405
     -1.951952       0.000411       0.000411       0.000411       0.000411
     -1.911912       0.000417       0.000417       0.000417       0.000417
     -1.871872       0.000424       0.000424       0.000424       0.000424
     -1.831832       0.000431       0.000431       0.000431       0.000431
     -1.791792       0.000438       0.000438       0.000438       0.000438
     -1.751752       0.000445       0.000445       0.000445       0.000445
     -1.711712       0.000453       0.000453       0.000453       0.000453
     -1.671672       0.000460       0.000460       0.000460       0.000460
     -1.631632       0.000468       0.000468       0.000468       0.000468
     -1.591592       0.000476       0.000476       0.000476       0.000476
     -1.551552       0.000485       0.000485       0.000485       0.000485
     -1.511512       0.000493       0.000493       0.000493       0.000493
     -1.471471       0.000502       0.000502       0.000502       0.000502
     -1.431431       0.000511       0.000511       0.000511       0.000511
     -1.391391       0.000521       0.000521       0.000521       0.000521
     -1.351351       0.000531       0.000531       0.000531       0.000531
     -1.311311       0.000541       0.000541       0.000541       0.000541
     -1.271271       0.000551       0.000551       0.000551       0.000551
     -1.231231       0.000562       0.000562       0.000562       0.000562
     -1.191191       0.000573       0.000573       0.000573       0.000573
     -1.151151       0.000584       0.000584       0.000584       0.000584
     -1.111111       0.000596       0.000596       0.000596       0.000596
     -1.071071       0.000608       0.000608       0.000608       0.000608
     -1.031031       0.000621       0.000621       0.000621       0.000621
     -0.990991       0.000634       0.000634       0.000634       0.000634
     -0.950951       0.000647       0.000647       0.000647       0.000647
     -0.910911       0.000661       0.000661       0.000661       0.000661
     -0.870871       0.000676       0.000676       0.000676       0.000676
     -0.830831       0.000691       0.000691       0.000691       0.000691
     -0.790791       0.000707       0.000707       0.000707       0.000707
     -0.750751       0.000723       0.000723       0.000723       0.000723
     -0.710711       0.000740       0.000740       0.000740       0.000740
     -0.670671       0.000758       0.000758       0.000758       0.000758
     -0.630631       0.000776       0.000776       0.000776       0.000776
     -0.590591       0.000795       0.000795       0.000795       0.000795
     -0.550551       0.000815       0.000815       0.000815       0.000815
     -0.510511       0.000836       0.000836       0.000836       0.000836
     -0.470470       0.000857       0.000857       0.000857       0.000857
     -0.430430       0.000880       0.000880       0.000880       0.000880
     -0.390390       0.000903       0.000903       0.000903       0.000903
     -0.350350       0.000928       0.000928       0.000928       0.000928
     -0.310310       0.000953       0.000953       0.000953       0.000953
     -0.270270       0.000980       0.000980       0.000980       0.000980
     -0.230230       0.001008       0.001008       0.001008       0.001008
     -0.190190       0.001037       0.001037       0.001037       0.001037
     -0.150150       0.001068       0.001068       0.001068       0.001068
     -0.110110       0.001100       0.001100       0.001100       0.001100
     -0.070070       0.001133       0.001133       0.001133       0.001133
     -0.030030       0.001168       0.001168       0.001168       0.001168
      0.010010       0.001205       0.001205       0.001205       0.001205
      0.050050       0.001244       0.001244       0.001244       0.001244
      0.090090       0.001286       0.001286       0.001286       0.001286
      0.130130       0.001329       0.001329       0.001329       0.001329
      0.170170       0.001374       0.001374       0.001374       0.001374
      0.210210       0.001421       0.001421       0.001421       0.001421
      0.250250       0.001470       0.001470       0.001470       0.001470
      0.290290       0.001522       0.001522       0.001522       0.001522
      0.330330       0.001577       0.001577       0.001577       0.001577
      0.370370       0.001633       0.001633       0.001633       0.001633
      0.410410       0.001693       0.001693       0.001693       0.001693
      0.450450       0.001755       0.001755       0.001755       0.001755
      0.490490       0.001820       0.001820       0.001820       0.001820
      0.530531       0.001887       0.001887       0.001887       0.001887
      0.570571       0.001958       0.001958       0.001958       0.001958
      0.610611       0.002031       0.002031       0.002031       0.002031
      0.650651       0.002106       0.002106       0.002106       0.002106
      0.690691       0.002185       0.002185       0.002184       0.002184
      0.730731       0.002265       0.002265       0.002265       0.002265
      0.770771       0.002349       0.002349       0.002349       0.002349
      0.810811       0.002434       0.002434       0.002434       0.002434
      0.850851       0.002522       0.002522       0.002522       0.002522
      0.890891       0.002612       0.002612       0.002612       0.002612
      0.930931       0.002703       0.002703       0.002703       0.002703
      0.970971       0.002796       0.002796       0.002796       0.002796
      1.011011       0.002891       0.002891       0.002891       0.002891
      1.051051       0.002987       0.002987       0.002987       0.002987
      1.091091       0.003083       0.003083       0.003083       0.003083
      1.131131       0.003181       0.003181       0.003181       0.003181
      1.171171       0.003279       0.003279       0.003279       0.003279
      1.211211       0.003377       0.003377       0.003377       0.003377
      1.251251       0.003476       0.003476       0.003476       0.003476
      1.291291       0.003574       0.003574       0.003574       0.003574
      1.331331       0.003671       0.003671       0.003671       0.003671
      1.371371       0.003768       0.003768       0.003768       0.003768
      1.411411       0.003864       0.003864       0.003864       0.003864
      1.451451       0.003958       0.003958       0.003958       0.003958
      1.491491       0.004049       0.004049       0.004049       0.004049
      1.531532       0.004139       0.004139       0.004139       0.004139
      1.571572       0.004225       0.004225       0.004225       0.004225
      1.611612       0.004308       0.004308       0.004308       0.004308
      1.651652       0.004387       0.004387       0.004387       0.004387
      1.691692       0.004462       0.004462       0.004462       0.004462
      1.731732       0.004532       0.004532       0.004532       0.004532
      1.771772       0.004597       0.004597       0.004597       0.004597
      1.811812       0.004657       0.004657       0.004657       0.004657
      1.851852       0.004712       0.004712       0.004712       0.004712
      1.891892       0.004762       0.004762       0.004762       0.004762
      1.931932       0.004808       0.004807       0.004808       0.004808
      1.971972       0.004849       0.004849       0.004849       0.004849
      2.012012       0.004887       0.004887       0.004887       0.004887
      2.052052       0.004923       0.004923       0.004923       0.004923
      2.092092       0.004956       0.004956       0.004956       0.004956
      2.132132       0.004989       0.004989       0.004989       0.004989
      2.172172       0.005021       0.005021       0.005021       0.005021
      2.212212       0.005054       0.005054       0.005054       0.005054
      2.252252       0.005087       0.005087       0.005087       0.005087
      2.292292       0.005122       0.005122       0.005122       0.005122
      2.332332       0.005158       0.005158       0.005158       0.005158
      2.372372       0.005196       0.005196       0.005196       0.005196
      2.412412       0.005236       0.005236       0.005236       0.005236
      2.452452       0.005277       0.005277       0.005277       0.005277
      2.492492       0.005321       0.005321       0.005321       0.005321
      2.532533       0.005365       0.005365       0.005365       0.005365
      2.572573       0.005411       0.005411       0.005411       0.005411
      2.612613       0.005458       0.005458       0.005458       0.005458
      2.652653       0.005505       0.005505       0.005505       0.005505
      2.692693       0.005552       0.005552       0.005552       0.005552
      2.732733       0.005600       0.005600       0.005600       0.005600
      2.772773       0.005647       0.005647       0.005647       0.005647
      2.812813       0.005694       0.005694       0.005694       0.005694
      2.852853       0.005741       0.005741       0.005741       0.005741
      2.892893       0.005786       0.005786       0.005786       0.005786
      2.932933       0.005831       0.005831       0.005831       0.005831
      2.972973       0.005876       0.005876       0.005876       0.005875
      3.013013       0.005919       0.005919       0.005919       0.005919
      3.053053       0.005961       0.005961       0.005961       0.005961
      3.093093       0.006001       0.006001       0.006001       0.006001
      3.133133       0.006041       0.006041       0.006041       0.006041
      3.173173       0.006079       0.006079       0.006079       0.006079
      3.213213       0.006115       0.006115       0.006115       0.006115
      3.253253       0.006150       0.006150       0.006150       0.006150
      3.293293       0.006183       0.006183       0.006183       0.006183
      3.333333       0.006214       0.006214       0.006214       0.006214
      3.373373       0.006242       0.006242       0.006242       0.006242
      3.413413       0.006267       0.006267       0.006267       0.006267
      3.453453       0.006289       0.006289       0.006289       0.006289
      3.493493       0.006307       0.006307       0.006307       0.006307
      3.533534       0.006322       0.006322       0.006322       0.006322
      3.573574       0.006332       0.006332       0.006332       0.006332
      3.613614       0.006338       0.006338       0.006338       0.006338
      3.653654       0.006340       0.006340       0.006340       0.006339
      3.693694       0.006336       0.006337       0.006336       0.006336
      3.733734       0.006329       0.006329       0.006329       0.006329
      3.773774       0.006317       0.006317       0.006317       0.006317
      3.813814       0.006301       0.006301       0.006301       0.006301
      3.853854       0.006282       0.006282       0.006282       0.006282
      3.893894       0.006259       0.006259       0.006259       0.006259
      3.933934       0.006234       0.006234       0.006234       0.006234
      3.973974       0.006206       0.006206       0.006206       0.006206
      4.014014       0.006177       0.006176       0.006177       0.006177
      4.054054       0.006146       0.006145       0.006146       0.006146
      4.094094       0.006113       0.006113       0.006113       0.006114
      4.134134       0.006081       0.006081       0.006081       0.006081
      4.174174       0.006047       0.006047       0.006047       0.006047
      4.214214       0.006014       0.006014       0.006014       0.006014
      4.254254       0.005980       0.005980       0.005980       0.005980
      4.294294       0.005946       0.005946       0.005946       0.005946
      4.334334       0.005911       0.005912       0.005911       0.005911
      4.374374       0.005877       0.005877       0.005877       0.005877
      4.414414       0.005842       0.005842       0.005841       0.005842
      4.454454       0.005806       0.005806       0.005806       0.005806
      4.494494       0.005769       0.005770       0.005769       0.005769
      4.534535       0.005732       0.005732       0.005732       0.005732
      4.574575       0.005694       0.005694       0.005694       0.005694
      4.614615       0.005655       0.005655       0.005655       0.005655
      4.654655       0.005615       0.005615       0.005615       0.005615
      4.694695       0.005574       0.005574       0.005574       0.005574
      4.734735       0.005533       0.005533       0.005533       0.005533
      4.774775       0.005490       0.005490       0.005491       0.005490
      4.814815       0.005448       0.005448       0.005448       0.005448
      4.854855       0.005405       0.005405       0.005405       0.005405
      4.894895       0.005362       0.005362       0.005363       0.005363
      4.934935       0.005320       0.005320       0.005320       0.005320
      4.974975       0.005278       0.005278       0.005278       0.005278
      5.015015       0.005236       0.005236       0.005236       0.005236
      5.055055       0.005195       0.005195       0.005195       0.005196
      5.095095       0.005155       0.005155       0.005155       0.005155
      5.135135       0.005116       0.005116       0.005116       0.005116
      5.175175       0.005077       0.005077       0.005077       0.005078
      5.215215       0.005040       0.005040       0.005040       0.005040
      5.255255       0.005003       0.005003       0.005003       0.005003
      5.295295       0.004967       0.004967       0.004967       0.004967
      5.335335       0.004931       0.004932       0.004931       0.004931
      5.375375       0.004896       0.004897       0.004896       0.004896
      5.415415       0.004862       0.004863       0.004862       0.004862
      5.455455       0.004829       0.004829       0.004829       0.004828
      5.495495       0.004796       0.004796       0.004796       0.004795
      5.535536       0.004763       0.004764       0.004763       0.004763
      5.575576       0.004731       0.004732       0.004732       0.004731
      5.615616       0.004700       0.004700       0.004700       0.004700
      5.655656       0.004670       0.004670       0.004670       0.004670
      5.695696       0.004640       0.004640       0.004640       0.004640
      5.735736       0.004612       0.004611       0.004612       0.004612
      5.775776       0.004584       0.004584       0.004584       0.004584
      5.815816       0.004557       0.004557       0.004557       0.004558
      5.855856       0.004532       0.004532       0.004532       0.004532
      5.895896       0.004508       0.004508       0.004508       0.004508
      5.935936       0.004486       0.004485       0.004486       0.004486
      5.975976       0.004465       0.004464       0.004465       0.004465
      6.016016       0.004445       0.004445       0.004445       0.004445
      6.056056       0.004427       0.004427       0.004427       0.004427
      6.096096       0.004411       0.004411       0.004411       0.004411
      6.136136       0.004396       0.004396       0.004396       0.004396
      6.176176       0.004383       0.004383       0.004384       0.004383
      6.216216       0.004372       0.004372       0.004372       0.004372
      6.256256       0.004363       0.004362       0.004363       0.004362
      6.296296       0.004354       0.004354       0.004354       0.004354
      6.336336       0.004348       0.004348       0.004348       0.004348
      6.376376       0.004343       0.004343       0.004343       0.004342
      6.416416       0.004339       0.004339       0.004339       0.004338
      6.456456       0.004336       0.004336       0.004336       0.004336
      6.496497       0.004334       0.004334       0.004334       0.004333
      6.536537       0.004332       0.004332       0.004332       0.004332
      6.576577       0.004331       0.004331       0.004331       0.004331
      6.616617       0.004330       0.004330       0.004330       0.004330
      6.656657       0.004328       0.004329       0.004328       0.004328
      6.696697       0.004326       0.004327       0.004326       0.004326
      6.736737       0.004323       0.004324       0.004323       0.004323
      6.776777       0.004319       0.004320       0.004319       0.004319
      6.816817       0.004314       0.004314       0.004314       0.004314
      6.856857       0.004307       0.004307       0.004307       0.004307
      6.896897       0.004299       0.004299       0.004299       0.004299
      6.936937       0.004289       0.004289       0.004289       0.004289
      6.976977       0.004278       0.004278       0.004278       0.004278
      7.017017       0.004266       0.004265       0.004266       0.004266
      7.057057       0.004252       0.004252       0.004252       0.004252
      7.097097       0.004237       0.004237       0.004238       0.004238
      7.137137       0.004222       0.004221       0.004222       0.004222
      7.177177       0.004206       0.004205       0.004206       0.004206
      7.217217       0.004189       0.004189       0.004190       0.004190
      7.257257       0.004173       0.004172       0.004173       0.004173
      7.297297       0.004157       0.004156       0.004157       0.004157
      7.337337       0.004141       0.004140       0.004141       0.004141
      7.377377       0.004125       0.004125       0.004125       0.004125
      7.417417       0.004110       0.004110       0.004111       0.004110
      7.457457       0.004096       0.004096       0.004097       0.004096
      7.497497       0.004084       0.004084       0.004084       0.004084
      7.537538       0.004072       0.004072       0.004072       0.004072
      7.577578       0.004061       0.004062       0.004061       0.004061
      7.617618       0.004052       0.004052       0.004051       0.004052
      7.657658       0.004043       0.004044       0.004043       0.004043
      7.697698       0.004036       0.004037       0.004036       0.004036
      7.737738       0.004030       0.004031       0.004030       0.004030
      7.777778       0.004025       0.004026       0.004024       0.004025
      7.817818       0.004021       0.004022       0.004020       0.004020
      7.857858       0.004017       0.004018       0.004016       0.004017
      7.897898       0.004014       0.004014       0.004013       0.004013
      7.937938       0.004011       0.004011       0.004010       0.004010
      7.977978       0.004008       0.004008       0.004007       0.004007
      8.018018       0.004004       0.004005       0.004004       0.004004
      8.058058       0.004001       0.004001       0.004001       0.004001
      8.098098       0.003997       0.003997       0.003998       0.003997
      8.138138       0.003993       0.003992       0.003993       0.003993
      8.178178       0.003988       0.003987       0.003989       0.003988
      8.218218       0.003982       0.003981       0.003983       0.003982
      8.258258       0.003975       0.003974       0.003976       0.003975
      8.298298       0.003967       0.003966       0.003968       0.003968
      8.338338       0.003958       0.003957       0.003959       0.003959
      8.378378       0.003948       0.003947       0.003949       0.003949
      8.418418       0.003938       0.003937       0.003938       0.003938
      8.458458       0.003926       0.003925       0.003926       0.003926
      8.498499       0.003913       0.003913       0.003914       0.003913
      8.538539       0.003900       0.003900       0.003900       0.003900
      8.578579       0.003886       0.003886       0.003886       0.003886
      8.618619       0.003871       0.003872       0.003871       0.003871
      8.658659       0.003856       0.003856       0.003855       0.003855
      8.698699       0.003840       0.003841       0.003839       0.003839
      8.738739       0.003824       0.003825       0.003823       0.003823
      8.778779       0.003807       0.003808       0.003806       0.003807
      8.818819       0.003790       0.003791       0.003789       0.003790
      8.858859       0.003773       0.003774       0.003772       0.003773
      8.898899       0.003756       0.003757       0.003755       0.003756
      8.938939       0.003739       0.003740       0.003738       0.003739
      8.978979       0.003722       0.003722       0.003721       0.003721
      9.019019       0.003704       0.003705       0.003704       0.003704
      9.059059       0.003687       0.003688       0.003687       0.003687
      9.099099       0.003670       0.003670       0.003670       0.003670
      9.139139       0.003654       0.003653       0.003654       0.003654
      9.179179       0.003637       0.003637       0.003637       0.003637
      9.219219       0.003621       0.003620       0.003622       0.003621
      9.259259       0.003605       0.003605       0.003606       0.003606
      9.299299       0.003590       0.003589       0.003591       0.003591
      9.339339       0.003576       0.003575       0.003577       0.003576
      9.379379       0.003562       0.003561       0.003563       0.003563
      9.419419       0.003550       0.003549       0.003550       0.003550
      9.459459       0.003538       0.003537       0.003539       0.003538
      9.499500       0.003527       0.003526       0.003528       0.003527
      9.539540       0.003517       0.003517       0.003518       0.003518
      9.579580       0.003509       0.003508       0.003509       0.003509
      9.619620       0.003502       0.003501       0.003502       0.003502
      9.659660       0.003495       0.003495       0.003496       0.003496
      9.699700       0.003490       0.003490       0.003490       0.003491
      9.739740       0.003487       0.003487       0.003487       0.003487
      9.779780       0.003484       0.003484       0.003484       0.003484
      9.819820       0.003482       0.003483       0.003482       0.003482
      9.859860       0.003482       0.003482       0.003481       0.003482
      9.899900       0.003482       0.003483       0.003482       0.003482
      9.939940       0.003484       0.003484       0.003483       0.003484
      9.979980       0.003486       0.003486       0.003485       0.003486
     10.020020       0.003488       0.003489       0.003488       0.003488
     10.060060       0.003492       0.003492       0.003491       0.003492
     10.100100       0.003495       0.003496       0.003495       0.003495
     10.140140       0.003499       0.003500       0.003499       0.003499
     10.180180       0.003503       0.003504       0.003503       0.003503
     10.220220       0.003507       0.003508       0.003507       0.003507
     10.260260       0.003510       0.003511       0.003510       0.003510
     10.300300       0.003513       0.003514       0.003513       0.003513
     10.340340       0.003516       0.003516       0.003516       0.003515
     10.380380       0.003517       0.003517       0.003517       0.003517
     10.420420       0.003517       0.003517       0.003517       0.003517
     10.460460       0.003515       0.003515       0.003516       0.003515
     10.500500       0.003512       0.003512       0.003512       0.003512
     10.540541       0.003507       0.003507       0.003507       0.003507
     10.580581       0.003500       0.003499       0.003500       0.003500
     10.620621       0.003491       0.003490       0.003491       0.003491
     10.660661       0.003479       0.003478       0.003479       0.003479
     10.700701       0.003465       0.003464       0.003465       0.003465
     10.740741       0.003448       0.003448       0.003449       0.003449
     10.780781       0.003430       0.003429       0.003430       0.003430
     10.820821       0.003408       0.003408       0.003409       0.003409
     10.860861       0.003385       0.003385       0.003386       0.003386
     10.900901       0.003360       0.003360       0.003360       0.003360
     10.940941       0.003333       0.003333       0.003334       0.003334
     10.980981       0.003305       0.003305       0.003305       0.003306
     11.021021       0.003277       0.003276       0.003276       0.003277
     11.061061       0.003247       0.003247       0.003247       0.003247
     11.101101       0.003218       0.003218       0.003217       0.003218
     11.141141       0.003188       0.003189       0.003188       0.003188
     11.181181       0.003160       0.003160       0.003159       0.003160
     11.221221       0.003133       0.003133       0.003132       0.003133
     11.261261       0.003107       0.003107       0.003106       0.003107
     11.301301       0.003083       0.003083       0.003082       0.003083
     11.341341       0.003061       0.003062       0.003060       0.003061
     11.381381       0.003041       0.003042       0.003041       0.003041
     11.421421       0.003025       0.003025       0.003024       0.003024
     11.461461       0.003011       0.003011       0.003010       0.003010
     11.501501       0.003000       0.003000       0.002999       0.002999
     11.541542       0.002991       0.002992       0.002991       0.002991
     11.581582       0.002986       0.002987       0.002986       0.002986
     11.621622       0.002984       0.002985       0.002984       0.002984
     11.661662       0.002985       0.002985       0.002985       0.002985
     11.701702       0.002989       0.002989       0.002989       0.002988
     11.741742       0.002995       0.002995       0.002995       0.002995
     11.781782       0.003004       0.003003       0.003004       0.003004
     11.821822       0.003015       0.003014       0.003015       0.003015
     11.861862       0.003028       0.003027       0.003028       0.003028
     11.901902       0.003043       0.003042       0.003043       0.003043
     11.941942       0.003059       0.003059       0.003060       0.003059
     11.981982       0.003077       0.003076       0.003077       0.003077
     12.022022       0.003095       0.003094       0.003096       0.003095
     12.062062       0.003114       0.003113       0.003114       0.003114
     12.102102       0.003133       0.003132       0.003133       0.003133
     12.142142       0.003151       0.003151       0.003152       0.003151
     12.182182       0.003169       0.003169       0.003169       0.003169
     12.222222       0.003186       0.003186       0.003186       0.003186
     12.262262       0.003202       0.003201       0.003202       0.003202
     12.302302       0.003216       0.003215       0.003215       0.003216
     12.342342       0.003228       0.003228       0.003228       0.003228
     12.382382       0.003238       0.003238       0.003238       0.003238
     12.422422       0.003246       0.003246       0.003245       0.003246
     12.462462       0.003251       0.003252       0.003251       0.003251
     12.502503       0.003255       0.003255       0.003254       0.003255
     12.542543       0.003255       0.003256       0.003255       0.003255
     12.582583       0.003254       0.003254       0.003253       0.003254
     12.622623       0.003250       0.003250       0.003249       0.003250
     12.662663       0.003243       0.003244       0.003243       0.003243
     12.702703       0.003235       0.003236       0.003235       0.003235
     12.742743       0.003225       0.003225       0.003224       0.003224
     12.782783       0.003213       0.003213       0.003212       0.003212
     12.822823       0.003199       0.003199       0.003199       0.003199
     12.862863       0.003184       0.003184       0.003184       0.003184
     12.902903       0.003168       0.003168       0.003168       0.003167
     12.942943       0.003151       0.003151       0.003151       0.003151
     12.982983       0.003133       0.003133       0.003134       0.003133
     13.023023       0.003116       0.003116       0.003116       0.003115
     13.063063       0.003098       0.003098       0.003098       0.003098
     13.103103       0.003080       0.003080       0.003081       0.003080
     13.143143       0.003063       0.003063       0.003063       0.003063
     13.183183       0.003046       0.003046       0.003047       0.003046
     13.223223       0.003030       0.003030       0.003031       0.003030
     13.263263       0.003015       0.003014       0.003015       0.003015
     13.303303       0.003000       0.003000       0.003001       0.003001
     13.343343       0.002987       0.002986       0.002987       0.002987
     13.383383       0.002974       0.002973       0.002974       0.002974
     13.423423       0.002961       0.002961       0.002962       0.002962
     13.463463       0.002950       0.002949       0.002950       0.002950
     13.503504       0.002938       0.002938       0.002939       0.002939
     13.543544       0.002928       0.002927       0.002928       0.002928
     13.583584       0.002917       0.002917       0.002917       0.002917
     13.623624       0.002906       0.002906       0.002906       0.002907
     13.663664       0.002896       0.002896       0.002895       0.002896
     13.703704       0.002885       0.002885       0.002884       0.002885
     13.743744       0.002873       0.002873       0.002873       0.002873
     13.783784       0.002861       0.002862       0.002861       0.002862
     13.823824       0.002849       0.002850       0.002849       0.002849
     13.863864       0.002836       0.002837       0.002836       0.002836
     13.903904       0.002822       0.002823       0.002822       0.002822
     13.943944       0.002808       0.002809       0.002807       0.002808
     13.983984       0.002793       0.002794       0.002792       0.002793
     14.024024       0.002777       0.002778       0.002777       0.002777
     14.064064       0.002760       0.002761       0.002760       0.002760
     14.104104       0.002743       0.002744       0.002743       0.002743
     14.144144       0.002725       0.002726       0.002725       0.002725
     14.184184       0.002707       0.002707       0.002707       0.002706
     14.224224       0.002687       0.002688       0.002688       0.002687
     14.264264       0.002668       0.002668       0.002668       0.002667
     14.304304       0.002647       0.002647       0.002648       0.002647
     14.344344       0.002626       0.002626       0.002627       0.002626
     14.384384       0.002605       0.002605       0.002605       0.002605
     14.424424       0.002583       0.002583       0.002584       0.002583
     14.464464       0.002561       0.002560       0.002562       0.002561
     14.504504       0.002539       0.002538       0.002539       0.002539
     14.544545       0.002516       0.002515       0.002516       0.002516
     14.584585       0.002493       0.002492       0.002494       0.002493
     14.624625       0.002470       0.002470       0.002471       0.002471
     14.664665       0.002448       0.002447       0.002448       0.002448
     14.704705       0.002425       0.002424       0.002425       0.002426
     14.744745       0.002403       0.002402       0.002403       0.002403
     14.784785       0.002381       0.002381       0.002381       0.002381
     14.824825       0.002360       0.002359       0.002360       0.002360
     14.864865       0.002339       0.002339       0.002339       0.002339
     14.904905       0.002319       0.002318       0.002318       0.002319
     14.944945       0.002299       0.002299       0.002299       0.002299
     14.984985       0.002280       0.002280       0.002280       0.002280
     15.025025       0.002262       0.002262       0.002262       0.002262
     15.065065       0.002245       0.002245       0.002244       0.002245
     15.105105       0.002228       0.002229       0.002228       0.002228
     15.145145       0.002212       0.002213       0.002212       0.002212
     15.185185       0.002198       0.002198       0.002197       0.002197
     15.225225       0.002184       0.002184       0.002183       0.002183
     15.265265       0.002170       0.002171       0.002170       0.002170
     15.305305       0.002158       0.002158       0.002158       0.002157
     15.345345       0.002146       0.002147       0.002146       0.002146
     15.385385       0.002135       0.002136       0.002135       0.002135
     15.425425       0.002125       0.002125       0.002125       0.002124
     15.465465       0.002115       0.002115       0.002115       0.002115
     15.505506       0.002106       0.002106       0.002106       0.002106
     15.545546       0.002097       0.002097       0.002098       0.002097
     15.585586       0.002089       0.002089       0.002090       0.002089
     15.625626       0.002082       0.002082       0.002082       0.002082
     15.665666       0.002075       0.002075       0.002075       0.002075
     15.705706       0.002068       0.002068       0.002068       0.002068
     15.745746       0.002062       0.002061       0.002062       0.002062
     15.785786       0.002056       0.002055       0.002056       0.002056
     15.825826       0.002050       0.002049       0.002050       0.002050
     15.865866       0.002044       0.002044       0.002045       0.002045
     15.905906       0.002039       0.002038       0.002039       0.002039
     15.945946       0.002034       0.002033       0.002034       0.002034
     15.985986       0.002029       0.002028       0.002029       0.002029
     16.026026       0.002024       0.002023       0.002024       0.002024
     16.066066       0.002019       0.002019       0.002019       0.002020
     16.106106       0.002015       0.002014       0.002015       0.002015
     16.146146       0.002010       0.002010       0.002010       0.002011
     16.186186       0.002006       0.002006       0.002006       0.002006
     16.226226       0.002002       0.002002       0.002002       0.002002
     16.266266       0.001998       0.001998       0.001998       0.001998
     16.306306       0.001994       0.001994       0.001994       0.001995
     16.346346       0.001991       0.001991       0.001991       0.001991
     16.386386       0.001988       0.001988       0.001988       0.001988
     16.426426       0.001985       0.001985       0.001985       0.001985
     16.466466       0.001983       0.001983       0.001982       0.001982
     16.506507       0.001980       0.001981       0.001980       0.001980
     16.546547       0.001978       0.001979       0.001978       0.001978
     16.586587       0.001977       0.001977       0.001977       0.001977
     16.626627       0.001976       0.001976       0.001976       0.001975
     16.666667       0.001975       0.001975       0.001975       0.001974
     16.706707       0.001974       0.001975       0.001974       0.001974
     16.746747       0.001974       0.001975       0.001974       0.001974
     16.786787       0.001975       0.001975       0.001975       0.001974
     16.826827       0.001975       0.001976       0.001975       0.001975
     16.866867       0.001976       0.001976       0.001976       0.001975
     16.906907       0.001977       0.001977       0.001977       0.001976
     16.946947       0.001978       0.001978       0.001978       0.001978
     16.986987       0.001979       0.001979       0.001979       0.001979
     17.027027       0.001980       0.001980       0.001980       0.001980
     17.067067       0.001981       0.001981       0.001981       0.001981
     17.107107       0.001982       0.001982       0.001982       0.001982
     17.147147       0.001983       0.001982       0.001983       0.001983
     17.187187       0.001983       0.001983       0.001983       0.001983
     17.227227       0.001983       0.001982       0.001983       0.001983
     17.267267       0.001982       0.001982       0.001982       0.001982
     17.307307       0.001981       0.001981       0.001981       0.001981
     17.347347       0.001980       0.001979       0.001980       0.001980
     17.387387       0.001978       0.001977       0.001978       0.001978
     17.427427       0.001975       0.001975       0.001975       0.001976
     17.467467       0.001973       0.001972       0.001973       0.001973
     17.507508       0.001970       0.001969       0.001970       0.001970
     17.547548       0.001966       0.001966       0.001966       0.001967
     17.587588       0.001963       0.001962       0.001962       0.001963
     17.627628       0.001958       0.001958       0.001958       0.001959
     17.667668       0.001954       0.001954       0.001954       0.001954
     17.707708       0.001949       0.001949       0.001949       0.001950
     17.747748       0.001944       0.001944       0.001944       0.001945
     17.787788       0.001939       0.001939       0.001939       0.001939
     17.827828       0.001934       0.001934       0.001934       0.001934
     17.867868       0.001928       0.001928       0.001928       0.001928
     17.907908       0.001922       0.001922       0.001922       0.001922
     17.947948       0.001916       0.001916       0.001916       0.001915
     17.987988       0.001909       0.001909       0.001909       0.001909
     18.028028       0.001902       0.001902       0.001902       0.001902
     18.068068       0.001895       0.001895       0.001895       0.001895
     18.108108       0.001888       0.001888       0.001888       0.001888
     18.148148       0.001881       0.001881       0.001881       0.001881
     18.188188       0.001874       0.001874       0.001874       0.001873
     18.228228       0.001866       0.001866       0.001866       0.001866
     18.268268       0.001859       0.001859       0.001859       0.001858
     18.308308       0.001851       0.001851       0.001851       0.001851
     18.348348       0.001844       0.001844       0.001844       0.001843
     18.388388       0.001836       0.001837       0.001836       0.001836
     18.428428       0.001829       0.001829       0.001829       0.001829
     18.468468       0.001822       0.001822       0.001822       0.001821
     18.508509       0.001815       0.001815       0.001815       0.001814
     18.548549       0.001808       0.001808       0.001808       0.001807
     18.588589       0.001801       0.001801       0.001801       0.001801
     18.628629       0.001794       0.001794       0.001794       0.001794
     18.668669       0.001788       0.001788       0.001788       0.001788
     18.708709       0.001781       0.001781       0.001781       0.001781
     18.748749       0.001775       0.001775       0.001775       0.001775
     18.788789       0.001769       0.001769       0.001769       0.001769
     18.828829       0.001763       0.001763       0.001763       0.001763
     18.868869       0.001758       0.001758       0.001758       0.001758
     18.908909       0.001752       0.001752       0.001752       0.001752
     18.948949       0.001747       0.001747       0.001747       0.001747
     18.988989       0.001742       0.001741       0.001742       0.001742
     19.029029       0.001737       0.001736       0.001737       0.001737
     19.069069       0.001732       0.001731       0.001732       0.001732
     19.109109       0.001727       0.001727       0.001727       0.001727
     19.149149       0.001722       0.001722       0.001722       0.001723
     19.189189       0.001718       0.001717       0.001718       0.001718
     19.229229       0.001713       0.001713       0.001714       0.001714
     19.269269       0.001709       0.001709       0.001709       0.001709
     19.309309       0.001705       0.001704       0.001705       0.001705
     19.349349       0.001701       0.001700       0.001701       0.001701
     19.389389       0.001697       0.001696       0.001697       0.001697
     19.429429       0.001692       0.001692       0.001693       0.001693
     19.469469       0.001688       0.001688       0.001688       0.001688
     19.509510       0.001684       0.001684       0.001684       0.001684
     19.549550       0.001680       0.001680       0.001680       0.001680
     19.589590       0.001676       0.001676       0.001676       0.001676
     19.629630       0.001671       0.001671       0.001671       0.001671
     19.669670       0.001667       0.001667       0.001667       0.001666
     19.709710       0.001662       0.001662       0.001662       0.001662
     19.749750       0.001657       0.001657       0.001657       0.001657
     19.789790       0.001652       0.001652       0.001652       0.001651
     19.829830       0.001646       0.001647       0.001646       0.001646
     19.869870       0.001641       0.001641       0.001641       0.001640
     19.909910       0.001635       0.001635       0.001635       0.001634
     19.949950       0.001629       0.001629       0.001628       0.001628
     19.989990       0.001622       0.001623       0.001622       0.001622
     20.030030       0.001615       0.001616       0.001615       0.001615
     20.070070       0.001608       0.001609       0.001608       0.001608
     20.110110       0.001601       0.001601       0.001600       0.001600
     20.150150       0.001593       0.001593       0.001593       0.001593
     20.190190       0.001585       0.001585       0.001585       0.001585
     20.230230       0.001576       0.001577       0.001576       0.001576
     20.270270       0.001568       0.001568       0.001568       0.001568
     20.310310       0.001559       0.001559       0.001559       0.001559
     20.350350       0.001550       0.001550       0.001550       0.001550
     20.390390       0.001540       0.001540       0.001540       0.001540
     20.430430       0.001531       0.001530       0.001531       0.001531
     20.470470       0.001521       0.001520       0.001521       0.001521
     20.510511       0.001511       0.001510       0.001511       0.001511
     20.550551       0.001500       0.001500       0.001500       0.001501
     20.590591       0.001490       0.001489       0.001490       0.001490
     20.630631       0.001479       0.001479       0.001480       0.001480
     20.670671       0.001469       0.001468       0.001469       0.001469
     20.710711       0.001458       0.001457       0.001458       0.001458
     20.750751       0.001447       0.001447       0.001448       0.001448
     20.790791       0.001437       0.001436       0.001437       0.001437
     20.830831       0.001426       0.001426       0.001426       0.001426
     20.870871       0.001416       0.001415       0.001416       0.001416
     20.910911       0.001405       0.001405       0.001405       0.001405
     20.950951       0.001395       0.001394       0.001395       0.001395
     20.990991       0.001385       0.001384       0.001385       0.001385
     21.031031       0.001374       0.001374       0.001375       0.001375
     21.071071       0.001364       0.001364       0.001365       0.001364
     21.111111       0.001355       0.001355       0.001355       0.001355
     21.151151       0.001345       0.001345       0.001345       0.001345
     21.191191       0.001335       0.001336       0.001335       0.001335
     21.231231       0.001326       0.001326       0.001326       0.001326
     21.271271       0.001317       0.001317       0.001317       0.001317
     21.311311       0.001308       0.001308       0.001308       0.001308
     21.351351       0.001299       0.001300       0.001299       0.001299
     21.391391       0.001290       0.001291       0.001290       0.001290
     21.431431       0.001282       0.001283       0.001282       0.001282
     21.471471       0.001274       0.001274       0.001273       0.001273
     21.511512       0.001266       0.001266       0.001265       0.001265
     21.551552       0.001258       0.001258       0.001258       0.001257
     21.591592       0.001250       0.001251       0.001250       0.001250
     21.631632       0.001243       0.001243       0.001242       0.001242
     21.671672       0.001235       0.001236       0.001235       0.001235
     21.711712       0.001228       0.001229       0.001228       0.001228
     21.751752       0.001222       0.001222       0.001221       0.001221
     21.791792       0.001215       0.001215       0.001215       0.001215
     21.831832       0.001209       0.001209       0.001208       0.001208
     21.871872       0.001202       0.001202       0.001202       0.001202
     21.911912       0.001196       0.001196       0.001196       0.001196
     21.951952       0.001190       0.001190       0.001190       0.001190
     21.991992       0.001185       0.001184       0.001185       0.001185
     22.032032       0.001179       0.001179       0.001179       0.001179
     22.072072       0.001173       0.001173       0.001173       0.001174
     22.112112       0.001168       0.001167       0.001168       0.001168
     22.152152       0.001162       0.001162       0.001162       0.001163
     22.192192       0.001157       0.001156       0.001157       0.001157
     22.232232       0.001151       0.001151       0.001151       0.001152
     22.272272       0.001145       0.001145       0.001146       0.001146
     22.312312       0.001140       0.001139       0.001140       0.001140
     22.352352       0.001134       0.001133       0.001134       0.001134
     22.392392       0.001128       0.001127       0.001128       0.001128
     22.432432       0.001121       0.001121       0.001122       0.001122
     22.472472       0.001115       0.001114       0.001115       0.001115
     22.512513       0.001108       0.001108       0.001108       0.001108
     22.552553       0.001101       0.001101       0.001101       0.001101
     22.592593       0.001094       0.001094       0.001094       0.001094
     22.632633       0.001087       0.001087       0.001087       0.001087
     22.672673       0.001080       0.001080       0.001080       0.001080
     22.712713       0.001072       0.001072       0.001072       0.001072
     22.752753       0.001065       0.001065       0.001064       0.001064
     22.792793       0.001057       0.001057       0.001057       0.001057
     22.832833       0.001049       0.001050       0.001049       0.001049
     22.872873       0.001042       0.001042       0.001042       0.001041
     22.912913       0.001034       0.001035       0.001034       0.001034
     22.952953       0.001027       0.001027       0.001027       0.001026
     22.992993       0.001019       0.001020       0.001019       0.001019
     23.033033       0.001012       0.001013       0.001012       0.001012
     23.073073       0.001005       0.001006       0.001005       0.001005
     23.113113       0.000998       0.000999       0.000998       0.000998
     23.153153       0.000992       0.000992       0.000992       0.000991
     23.193193       0.000985       0.000986       0.000985       0.000985
     23.233233       0.000979       0.000980       0.000979       0.000979
     23.273273       0.000974       0.000974       0.000973       0.000973
     23.313313       0.000968       0.000968       0.000968       0.000968
     23.353353       0.000963       0.000963       0.000963       0.000963
     23.393393       0.000958       0.000958       0.000958       0.000958
     23.433433       0.000954       0.000954       0.000954       0.000954
     23.473473       0.000950       0.000950       0.000950       0.000950
     23.513514       0.000946       0.000946       0.000946       0.000946
     23.553554       0.000943       0.000942       0.000943       0.000943
     23.593594       0.000940       0.000939       0.000940       0.000940
     23.633634       0.000937       0.000937       0.000937       0.000937
     23.673674       0.000935       0.000934       0.000935       0.000935
     23.713714       0.000933       0.000933       0.000933       0.000933
     23.753754       0.000931       0.000931       0.000931       0.000932
     23.793794       0.000930       0.000930       0.000930       0.000931
     23.833834       0.000930       0.000929       0.000930       0.000930
     23.873874       0.000929       0.000929       0.000929       0.000930
     23.913914       0.000929       0.000929       0.000929       0.000930
     23.953954       0.000930       0.000930       0.000930       0.000930
     23.993994       0.000931       0.000930       0.000931       0.000931
     24.034034       0.000932       0.000932       0.000932       0.000932
     24.074074       0.000934       0.000933       0.000934       0.000934
     24.114114       0.000936       0.000935       0.000936       0.000936
     24.154154       0.000938       0.000938       0.000938       0.000938
     24.194194       0.000941       0.000941       0.000941       0.000941
     24.234234       0.000944       0.000944       0.000944       0.000944
     24.274274       0.000947       0.000947       0.000947       0.000947
     24.314314       0.000951       0.000951       0.000951       0.000951
     24.354354       0.000955       0.000955       0.000956       0.000955
     24.394394       0.000960       0.000960       0.000960       0.000960
     24.434434       0.000965       0.000965       0.000965       0.000965
     24.474474       0.000970       0.000970       0.000970       0.000970
     24.514515       0.000976       0.000976       0.000976       0.000975
     24.554555       0.000981       0.000981       0.000981       0.000981
     24.594595       0.000987       0.000987       0.000987       0.000987
     24.634635       0.000993       0.000993       0.000993       0.000993
     24.674675       0.001000       0.001000       0.001000       0.000999
     24.714715       0.001006       0.001006       0.001006       0.001006
     24.754755       0.001013       0.001013       0.001013       0.001012
     24.794795       0.001019       0.001019       0.001019       0.001019
     24.834835       0.001026       0.001026       0.001026       0.001026
     24.874875       0.001033       0.001033       0.001033       0.001033
     24.914915       0.001039       0.001040       0.001039       0.001039
     24.954955       0.001046       0.001046       0.001046       0.001046
     24.994995       0.001053       0.001053       0.001053       0.001053
     25.035035       0.001059       0.001060       0.001059       0.001059
     25.075075       0.001066       0.001066       0.001066       0.001066
     25.115115       0.001072       0.001073       0.001072       0.001072
     25.155155       0.001079       0.001079       0.001078       0.001079
     25.195195       0.001085       0.001085       0.001085       0.001085
     25.235235       0.001091       0.001091       0.001090       0.001091
     25.275275       0.001096       0.001096       0.001096       0.001096
     25.315315       0.001102       0.001102       0.001102       0.001102
     25.355355       0.001107       0.001107       0.001107       0.001107
     25.395395       0.001112       0.001112       0.001112       0.001112
     25.435435       0.001117       0.001117       0.001117       0.001117
     25.475475       0.001121       0.001121       0.001121       0.001121
     25.515516       0.001125       0.001125       0.001125       0.001126
     25.555556       0.001129       0.001129       0.001129       0.001129
     25.595596       0.001133       0.001133       0.001133       0.001133
     25.635636       0.001136       0.001136       0.001136       0.001136
     25.675676       0.001138       0.001138       0.001138       0.001139
     25.715716       0.001141       0.001141       0.001141       0.001141
     25.755756       0.001143       0.001143       0.001143       0.001143
     25.795796       0.001144       0.001144       0.001144       0.001144
     25.835836       0.001145       0.001145       0.001145       0.001145
     25.875876       0.001146       0.001146       0.001146       0.001146
     25.915916       0.001146       0.001146       0.001146       0.001146
     25.955956       0.001146       0.001145       0.001146       0.001146
     25.995996       0.001145       0.001144       0.001145       0.001145
     26.036036       0.001143       0.001143       0.001143       0.001143
     26.076076       0.001141       0.001141       0.001141       0.001141
     26.116116       0.001138       0.001138       0.001138       0.001138
     26.156156       0.001134       0.001134       0.001135       0.001134
     26.196196       0.001130       0.001130       0.001130       0.001130
     26.236236       0.001125       0.001125       0.001125       0.001125
     26.276276       0.001119       0.001119       0.001119       0.001119
     26.316316       0.001113       0.001112       0.001113       0.001112
     26.356356       0.001105       0.001105       0.001105       0.001105
     26.396396       0.001097       0.001097       0.001097       0.001097
     26.436436       0.001089       0.001089       0.001089       0.001088
     26.476476       0.001079       0.001079       0.001079       0.001079
     26.516517       0.001069       0.001070       0.001069       0.001069
     26.556557       0.001059       0.001059       0.001059       0.001059
     26.596597       0.001048       0.001049       0.001048       0.001048
     26.636637       0.001037       0.001038       0.001037       0.001037
     26.676677       0.001026       0.001026       0.001026       0.001026
     26.716717       0.001015       0.001015       0.001014       0.001014
     26.756757       0.001003       0.001003       0.001003       0.001003
     26.796797       0.000991       0.000992       0.000991       0.000991
     26.836837       0.000980       0.000980       0.000979       0.000979
     26.876877       0.000968       0.000968       0.000968       0.000968
     26.916917       0.000956       0.000957       0.000956       0.000956
     26.956957       0.000945       0.000946       0.000945       0.000945
     26.996997       0.000934       0.000934       0.000934       0.000934
     27.037037       0.000923       0.000924       0.000923       0.000923
     27.077077       0.000913       0.000913       0.000913       0.000913
     27.117117       0.000903       0.000903       0.000903       0.000903
     27.157157       0.000893       0.000893       0.000893       0.000893
     27.197197       0.000883       0.000884       0.000883       0.000884
     27.237237       0.000874       0.000874       0.000874       0.000874
     27.277277       0.000866       0.000866       0.000866       0.000866
     27.317317       0.000857       0.000857       0.000857       0.000857
     27.357357       0.000849       0.000849       0.000849       0.000850
     27.397397       0.000842       0.000842       0.000842       0.000842
     27.437437       0.000835       0.000834       0.000835       0.000835
     27.477477       0.000828       0.000828       0.000828       0.000828
     27.517518       0.000821       0.000821       0.000822       0.000822
     27.557558       0.000815       0.000815       0.000816       0.000815
     27.597598       0.000810       0.000809       0.000810       0.000810
     27.637638       0.000804       0.000804       0.000804       0.000804
     27.677678       0.000799       0.000799       0.000799       0.000799
     27.717718       0.000794       0.000794       0.000795       0.000794
     27.757758       0.000790       0.000790       0.000790       0.000790
     27.797798       0.000786       0.000785       0.000786       0.000786
     27.837838       0.000782       0.000782       0.000782       0.000782
     27.877878       0.000779       0.000778       0.000779       0.000779
     27.917918       0.000775       0.000775       0.000776       0.000775
     27.957958       0.000772       0.000772       0.000773       0.000772
     27.997998       0.000770       0.000770       0.000770       0.000770
     28.038038       0.000767       0.000767       0.000768       0.000767
     28.078078       0.000765       0.000765       0.000765       0.000765
     28.118118       0.000764       0.000764       0.000764       0.000764
     28.158158       0.000762       0.000762       0.000762       0.000762
     28.198198       0.000761       0.000761       0.000761       0.000761
     28.238238       0.000760       0.000760       0.000760       0.000760
     28.278278       0.000759       0.000759       0.000759       0.000759
     28.318318       0.000758       0.000759       0.000758       0.000758
     28.358358       0.000758       0.000758       0.000758       0.000758
     28.398398       0.000758       0.000758       0.000758       0.000758
     28.438438       0.000758       0.000758       0.000758       0.000758
     28.478478       0.000758       0.000758       0.000758       0.000758
     28.518519       0.000758       0.000758       0.000758       0.000758
     28.558559       0.000759       0.000759       0.000758       0.000758
     28.598599       0.000759       0.000759       0.000759       0.000759
     28.638639       0.000760       0.000760       0.000759       0.000759
     28.678679       0.000760       0.000760       0.000760       0.000760
     28.718719       0.000761       0.000761       0.000760       0.000761
     28.758759       0.000761       0.000761       0.000761       0.000761
     28.798799       0.000762       0.000762       0.000762       0.000762
     28.838839       0.000762       0.000762       0.000762       0.000762
     28.878879       0.000762       0.000763       0.000762       0.000762
     28.918919       0.000763       0.000763       0.000762       0.000763
     28.958959       0.000763       0.000763       0.000762       0.000763
     28.998999       0.000762       0.000762       0.000762       0.000762
     29.039039       0.000762       0.000762       0.000762       0.000762
     29.079079       0.000761       0.000761       0.000761       0.000761
     29.119119       0.000760       0.000760       0.000760       0.000760
     29.159159       0.000759       0.000759       0.000759       0.000759
     29.199199       0.000757       0.000757       0.000757       0.000757
     29.239239       0.000755       0.000755       0.000755       0.000755
     29.279279       0.000753       0.000753       0.000753       0.000753
     29.319319       0.000750       0.000750       0.000751       0.000751
     29.359359       0.000748       0.000747       0.000748       0.000748
     29.399399       0.000744       0.000744       0.000745       0.000744
     29.439439       0.000741       0.000741       0.000741       0.000741
     29.479479       0.000737       0.000737       0.000737       0.000737
     29.519520       0.000733       0.000733       0.000733       0.000733
     29.559560       0.000729       0.000729       0.000729       0.000729
     29.599600       0.000724       0.000724       0.000725       0.000725
     29.639640       0.000720       0.000720       0.000720       0.000720
     29.679680       0.000715       0.000715       0.000715       0.000715
     29.719720       0.000710       0.000710       0.000710       0.000710
     29.759760       0.000705       0.000705       0.000705       0.000705
     29.799800       0.000700       0.000699       0.000700       0.000700
     29.839840       0.000694       0.000694       0.000694       0.000694
     29.879880       0.000689       0.000689       0.000689       0.000689
     29.919920       0.000684       0.000683       0.000684       0.000684
     29.959960       0.000678       0.000678       0.000678       0.000678
     30.000000       0.000673       0.000673       0.000673       0.000673
