# Funciones ópticas — Olla-DFT (promedio isótropo)
#      E(eV)         eps1         eps2          n          k    alpha(1/cm)          R
  0.000000e+00   1.044216e+01   0.000000e+00   3.231434e+00   0.000000e+00   0.000000e+00   2.780948e-01
  1.877347e-02   1.044233e+01   0.000000e+00   3.231459e+00   0.000000e+00   0.000000e+00   2.780978e-01
  3.754693e-02   1.044283e+01   0.000000e+00   3.231536e+00   0.000000e+00   0.000000e+00   2.781069e-01
  5.632040e-02   1.044366e+01   0.000000e+00   3.231664e+00   0.000000e+00   0.000000e+00   2.781220e-01
  7.509387e-02   1.044482e+01   0.000000e+00   3.231844e+00   0.000000e+00   0.000000e+00   2.781432e-01
  9.386733e-02   1.044631e+01   0.000000e+00   3.232075e+00   0.000000e+00   0.000000e+00   2.781704e-01
  1.126408e-01   1.044814e+01   0.000000e+00   3.232358e+00   0.000000e+00   0.000000e+00   2.782037e-01
  1.314143e-01   1.045030e+01   0.000000e+00   3.232692e+00   0.000000e+00   0.000000e+00   2.782430e-01
  1.501877e-01   1.045279e+01   0.000000e+00   3.233077e+00   0.000000e+00   0.000000e+00   2.782884e-01
  1.689612e-01   1.045562e+01   0.000000e+00   3.233515e+00   0.000000e+00   0.000000e+00   2.783399e-01
  1.877347e-01   1.045878e+01   0.000000e+00   3.234004e+00   0.000000e+00   0.000000e+00   2.783975e-01
  2.065081e-01   1.046228e+01   0.000000e+00   3.234545e+00   0.000000e+00   0.000000e+00   2.784612e-01
  2.252816e-01   1.046612e+01   0.000000e+00   3.235138e+00   0.000000e+00   0.000000e+00   2.785310e-01
  2.440551e-01   1.047029e+01   0.000000e+00   3.235783e+00   0.000000e+00   0.000000e+00   2.786069e-01
  2.628285e-01   1.047481e+01   0.000000e+00   3.236480e+00   0.000000e+00   0.000000e+00   2.786890e-01
  2.816020e-01   1.047966e+01   0.000000e+00   3.237230e+00   0.000000e+00   0.000000e+00   2.787772e-01
  3.003755e-01   1.048486e+01   0.000000e+00   3.238033e+00   0.000000e+00   0.000000e+00   2.788716e-01
  3.191489e-01   1.049040e+01   0.000000e+00   3.238888e+00   0.000000e+00   0.000000e+00   2.789722e-01
  3.379224e-01   1.049628e+01   0.000000e+00   3.239797e+00   0.000000e+00   0.000000e+00   2.790790e-01
  3.566959e-01   1.050252e+01   0.000000e+00   3.240759e+00   0.000000e+00   0.000000e+00   2.791921e-01
  3.754693e-01   1.050910e+01   0.000000e+00   3.241774e+00   0.000000e+00   0.000000e+00   2.793113e-01
  3.942428e-01   1.051603e+01   0.000000e+00   3.242843e+00   0.000000e+00   0.000000e+00   2.794369e-01
  4.130163e-01   1.052331e+01   0.000000e+00   3.243966e+00   0.000000e+00   0.000000e+00   2.795688e-01
  4.317897e-01   1.053095e+01   0.000000e+00   3.245143e+00   0.000000e+00   0.000000e+00   2.797070e-01
  4.505632e-01   1.053895e+01   0.000000e+00   3.246375e+00   0.000000e+00   0.000000e+00   2.798516e-01
  4.693367e-01   1.054731e+01   0.000000e+00   3.247662e+00   0.000000e+00   0.000000e+00   2.800026e-01
  4.881101e-01   1.055603e+01   0.000000e+00   3.249004e+00   0.000000e+00   0.000000e+00   2.801600e-01
  5.068836e-01   1.056511e+01   0.000000e+00   3.250402e+00   0.000000e+00   0.000000e+00   2.803239e-01
  5.256571e-01   1.057456e+01   0.000000e+00   3.251855e+00   0.000000e+00   0.000000e+00   2.804943e-01
  5.444305e-01   1.058439e+01   0.000000e+00   3.253366e+00   0.000000e+00   0.000000e+00   2.806712e-01
  5.632040e-01   1.059459e+01   0.000000e+00   3.254933e+00   0.000000e+00   0.000000e+00   2.808547e-01
  5.819775e-01   1.060516e+01   0.000000e+00   3.256557e+00   0.000000e+00   0.000000e+00   2.810449e-01
  6.007509e-01   1.061613e+01   0.000000e+00   3.258240e+00   0.000000e+00   0.000000e+00   2.812418e-01
  6.195244e-01   1.062747e+01   0.000000e+00   3.259981e+00   0.000000e+00   0.000000e+00   2.814454e-01
  6.382979e-01   1.063922e+01   0.000000e+00   3.261781e+00   0.000000e+00   0.000000e+00   2.816559e-01
  6.570713e-01   1.065136e+01   8.704038e-08   3.263642e+00   0.000000e+00   0.000000e+00   2.818733e-01
  6.758448e-01   1.066391e+01   4.017061e-06   3.265564e+00   6.151130e-07   4.213523e-02   2.820978e-01
  6.946183e-01   1.067687e+01   1.957146e-05   3.267548e+00   2.994800e-06   2.108422e-01   2.823294e-01
  7.133917e-01   1.069025e+01   5.323108e-05   3.269595e+00   8.140345e-06   5.885921e-01   2.825682e-01
  7.321652e-01   1.070404e+01   1.100946e-04   3.271704e+00   1.682528e-05   1.248576e+00   2.828141e-01
  7.509387e-01   1.071826e+01   1.941477e-04   3.273875e+00   2.965105e-05   2.256774e+00   2.830672e-01
  7.697121e-01   1.073289e+01   3.084787e-04   3.276110e+00   4.708004e-05   3.672896e+00   2.833275e-01
  7.884856e-01   1.074795e+01   4.554531e-04   3.278407e+00   6.946258e-05   5.551217e+00   2.835948e-01
  8.072591e-01   1.076343e+01   6.368538e-04   3.280766e+00   9.705870e-05   7.941287e+00   2.838694e-01
  8.260325e-01   1.077933e+01   8.539952e-04   3.283189e+00   1.300558e-04   1.088856e+01   2.841510e-01
  8.448060e-01   1.079565e+01   1.107816e-03   3.285674e+00   1.685828e-04   1.443490e+01   2.844397e-01
  8.635795e-01   1.081240e+01   1.398955e-03   3.288222e+00   2.127221e-04   1.861909e+01   2.847356e-01
  8.823529e-01   1.082959e+01   1.727812e-03   3.290834e+00   2.625189e-04   2.347720e+01   2.850386e-01
  9.011264e-01   1.084720e+01   2.094599e-03   3.293508e+00   3.179890e-04   2.904299e+01   2.853488e-01
  9.198999e-01   1.086524e+01   2.499381e-03   3.296247e+00   3.791253e-04   3.534816e+01   2.856661e-01
  9.386733e-01   1.088373e+01   2.942112e-03   3.299050e+00   4.459029e-04   4.242270e+01   2.859906e-01
  9.574468e-01   1.090265e+01   3.422658e-03   3.301917e+00   5.182836e-04   5.029510e+01   2.863223e-01
  9.762203e-01   1.092202e+01   3.940827e-03   3.304848e+00   5.962190e-04   5.899255e+01   2.866613e-01
  9.949937e-01   1.094184e+01   4.496381e-03   3.307845e+00   6.796540e-04   6.854120e+01   2.870075e-01
  1.013767e+00   1.096211e+01   5.089055e-03   3.310908e+00   7.685285e-04   7.896630e+01   2.873610e-01
  1.032541e+00   1.098284e+01   5.718570e-03   3.314037e+00   8.627801e-04   9.029233e+01   2.877219e-01
  1.051314e+00   1.100403e+01   6.384645e-03   3.317232e+00   9.623451e-04   1.025432e+02   2.880901e-01
  1.070088e+00   1.102569e+01   7.086999e-03   3.320495e+00   1.067160e-03   1.157424e+02   2.884658e-01
  1.088861e+00   1.104782e+01   7.825367e-03   3.323826e+00   1.177163e-03   1.299129e+02   2.888490e-01
  1.107635e+00   1.107043e+01   8.599500e-03   3.327225e+00   1.292293e-03   1.450778e+02   2.892397e-01
  1.126408e+00   1.109352e+01   9.409171e-03   3.330694e+00   1.412494e-03   1.612597e+02   2.896381e-01
  1.145181e+00   1.111711e+01   1.025418e-02   3.334233e+00   1.537712e-03   1.784814e+02   2.900441e-01
  1.163955e+00   1.114119e+01   1.113436e-02   3.337842e+00   1.667898e-03   1.967656e+02   2.904578e-01
  1.182728e+00   1.116577e+01   1.204957e-02   3.341523e+00   1.803006e-03   2.161353e+02   2.908793e-01
  1.201502e+00   1.119087e+01   1.299972e-02   3.345276e+00   1.942996e-03   2.366137e+02   2.913087e-01
  1.220275e+00   1.121648e+01   1.398473e-02   3.349102e+00   2.087832e-03   2.582242e+02   2.917460e-01
  1.239049e+00   1.124262e+01   1.500458e-02   3.353003e+00   2.237483e-03   2.809906e+02   2.921913e-01
  1.257822e+00   1.126930e+01   1.605928e-02   3.356978e+00   2.391925e-03   3.049372e+02   2.926447e-01
  1.276596e+00   1.129651e+01   1.714890e-02   3.361029e+00   2.551138e-03   3.300888e+02   2.931063e-01
  1.295369e+00   1.132428e+01   1.827352e-02   3.365157e+00   2.715106e-03   3.564708e+02   2.935761e-01
  1.314143e+00   1.135260e+01   1.943330e-02   3.369364e+00   2.883823e-03   3.841091e+02   2.940543e-01
  1.332916e+00   1.138150e+01   2.062840e-02   3.373649e+00   3.057284e-03   4.130305e+02   2.945409e-01
  1.351690e+00   1.141097e+01   2.185908e-02   3.378014e+00   3.235493e-03   4.432625e+02   2.950360e-01
  1.370463e+00   1.144103e+01   2.312560e-02   3.382460e+00   3.418459e-03   4.748333e+02   2.955398e-01
  1.389237e+00   1.147168e+01   2.442829e-02   3.386989e+00   3.606196e-03   5.077723e+02   2.960523e-01
  1.408010e+00   1.150294e+01   2.576752e-02   3.391601e+00   3.798725e-03   5.421096e+02   2.965736e-01
  1.426783e+00   1.153483e+01   2.714371e-02   3.396298e+00   3.996072e-03   5.778764e+02   2.971039e-01
  1.445557e+00   1.156734e+01   2.855733e-02   3.401082e+00   4.198272e-03   6.151051e+02   2.976432e-01
  1.464330e+00   1.160049e+01   3.000891e-02   3.405952e+00   4.405363e-03   6.538292e+02   2.981916e-01
  1.483104e+00   1.163430e+01   3.149902e-02   3.410912e+00   4.617390e-03   6.940835e+02   2.987494e-01
  1.501877e+00   1.166877e+01   3.302829e-02   3.415961e+00   4.834406e-03   7.359040e+02   2.993165e-01
  1.520651e+00   1.170392e+01   3.459740e-02   3.421103e+00   5.056469e-03   7.793282e+02   2.998931e-01
  1.539424e+00   1.173976e+01   3.620709e-02   3.426337e+00   5.283645e-03   8.243952e+02   3.004794e-01
  1.558198e+00   1.177630e+01   3.785817e-02   3.431666e+00   5.516004e-03   8.711454e+02   3.010755e-01
  1.576971e+00   1.181357e+01   3.955148e-02   3.437092e+00   5.753626e-03   9.196211e+02   3.016815e-01
  1.595745e+00   1.185156e+01   4.128795e-02   3.442615e+00   5.996597e-03   9.698661e+02   3.022975e-01
  1.614518e+00   1.189031e+01   4.306857e-02   3.448238e+00   6.245010e-03   1.021926e+03   3.029237e-01
  1.633292e+00   1.192982e+01   4.489438e-02   3.453963e+00   6.498966e-03   1.075850e+03   3.035603e-01
  1.652065e+00   1.197011e+01   4.676651e-02   3.459791e+00   6.758574e-03   1.131686e+03   3.042073e-01
  1.670839e+00   1.201119e+01   4.868614e-02   3.465724e+00   7.023950e-03   1.189486e+03   3.048650e-01
  1.689612e+00   1.205309e+01   5.065455e-02   3.471764e+00   7.295218e-03   1.249306e+03   3.055336e-01
  1.708385e+00   1.209583e+01   5.267308e-02   3.477914e+00   7.572511e-03   1.311201e+03   3.062131e-01
  1.727159e+00   1.213941e+01   5.474316e-02   3.484174e+00   7.855973e-03   1.375232e+03   3.069037e-01
  1.745932e+00   1.218386e+01   5.686629e-02   3.490548e+00   8.145754e-03   1.441459e+03   3.076057e-01
  1.764706e+00   1.222920e+01   5.904408e-02   3.497038e+00   8.442014e-03   1.509948e+03   3.083192e-01
  1.783479e+00   1.227545e+01   6.127823e-02   3.503645e+00   8.744926e-03   1.580767e+03   3.090444e-01
  1.802253e+00   1.232263e+01   6.357052e-02   3.510373e+00   9.054669e-03   1.653986e+03   3.097815e-01
  1.821026e+00   1.237077e+01   6.592286e-02   3.517223e+00   9.371437e-03   1.729681e+03   3.105306e-01
  1.839800e+00   1.241988e+01   6.833725e-02   3.524198e+00   9.695432e-03   1.807929e+03   3.112921e-01
  1.858573e+00   1.246999e+01   7.081582e-02   3.531302e+00   1.002687e-02   1.888812e+03   3.120661e-01
  1.877347e+00   1.252113e+01   7.336081e-02   3.538536e+00   1.036598e-02   1.972416e+03   3.128528e-01
  1.896120e+00   1.257332e+01   7.597459e-02   3.545904e+00   1.071301e-02   2.058831e+03   3.136525e-01
  1.914894e+00   1.262659e+01   7.865967e-02   3.553408e+00   1.106820e-02   2.148153e+03   3.144654e-01
  1.933667e+00   1.268096e+01   8.141871e-02   3.561052e+00   1.143183e-02   2.240480e+03   3.152918e-01
  1.952441e+00   1.273647e+01   8.425452e-02   3.568838e+00   1.180419e-02   2.335919e+03   3.161318e-01
  1.971214e+00   1.279314e+01   8.717007e-02   3.576771e+00   1.218558e-02   2.434578e+03   3.169858e-01
  1.989987e+00   1.285101e+01   9.016851e-02   3.584852e+00   1.257632e-02   2.536574e+03   3.178541e-01
  2.008761e+00   1.291011e+01   9.325317e-02   3.593087e+00   1.297675e-02   2.642030e+03   3.187368e-01
  2.027534e+00   1.297047e+01   9.642759e-02   3.601478e+00   1.338722e-02   2.751074e+03   3.196344e-01
  2.046308e+00   1.303213e+01   9.969551e-02   3.610030e+00   1.380813e-02   2.863844e+03   3.205470e-01
  2.065081e+00   1.309512e+01   1.030609e-01   3.618746e+00   1.423986e-02   2.980482e+03   3.214751e-01
  2.083855e+00   1.315949e+01   1.065280e-01   3.627631e+00   1.468286e-02   3.101142e+03   3.224189e-01
  2.102628e+00   1.322528e+01   1.101012e-01   3.636689e+00   1.513757e-02   3.225983e+03   3.233788e-01
  2.121402e+00   1.329252e+01   1.137854e-01   3.645924e+00   1.560447e-02   3.355177e+03   3.243551e-01
  2.140175e+00   1.336127e+01   1.175856e-01   3.655342e+00   1.608407e-02   3.488903e+03   3.253483e-01
  2.158949e+00   1.343156e+01   1.215071e-01   3.664947e+00   1.657693e-02   3.627354e+03   3.263586e-01
  2.177722e+00   1.350345e+01   1.255558e-01   3.674744e+00   1.708361e-02   3.770731e+03   3.273864e-01
  2.196496e+00   1.357699e+01   1.297376e-01   3.684738e+00   1.760472e-02   3.919251e+03   3.284323e-01
  2.215269e+00   1.365223e+01   1.340592e-01   3.694936e+00   1.814093e-02   4.073143e+03   3.294965e-01
  2.234043e+00   1.372922e+01   1.385275e-01   3.705344e+00   1.869294e-02   4.232651e+03   3.305796e-01
  2.252816e+00   1.380803e+01   1.431500e-01   3.715966e+00   1.926147e-02   4.398036e+03   3.316820e-01
  2.271589e+00   1.388872e+01   1.479346e-01   3.726810e+00   1.984734e-02   4.569574e+03   3.328042e-01
  2.290363e+00   1.397135e+01   1.528898e-01   3.737883e+00   2.045139e-02   4.747562e+03   3.339468e-01
  2.309136e+00   1.405599e+01   1.580249e-01   3.749191e+00   2.107453e-02   4.932318e+03   3.351101e-01
  2.327910e+00   1.414272e+01   1.633496e-01   3.760743e+00   2.171774e-02   5.124179e+03   3.362949e-01
  2.346683e+00   1.423160e+01   1.688746e-01   3.772545e+00   2.238206e-02   5.323509e+03   3.375017e-01
  2.365457e+00   1.432272e+01   1.746113e-01   3.784607e+00   2.306861e-02   5.530699e+03   3.387310e-01
  2.384230e+00   1.441616e+01   1.805718e-01   3.796937e+00   2.377861e-02   5.746167e+03   3.399836e-01
  2.403004e+00   1.451202e+01   1.867695e-01   3.809543e+00   2.451337e-02   5.970366e+03   3.412601e-01
  2.421777e+00   1.461038e+01   1.932186e-01   3.822437e+00   2.527427e-02   6.203780e+03   3.425613e-01
  2.440551e+00   1.471136e+01   1.999348e-01   3.835627e+00   2.606286e-02   6.446937e+03   3.438878e-01
  2.459324e+00   1.481505e+01   2.069349e-01   3.849126e+00   2.688076e-02   6.700403e+03   3.452404e-01
  2.478098e+00   1.492156e+01   2.142371e-01   3.862944e+00   2.772977e-02   6.964794e+03   3.466201e-01
  2.496871e+00   1.503103e+01   2.218614e-01   3.877093e+00   2.861183e-02   7.240778e+03   3.480276e-01
  2.515645e+00   1.514357e+01   2.298295e-01   3.891587e+00   2.952903e-02   7.529081e+03   3.494639e-01
  2.534418e+00   1.525933e+01   2.381653e-01   3.906439e+00   3.048368e-02   7.830495e+03   3.509301e-01
  2.553191e+00   1.537845e+01   2.468946e-01   3.921663e+00   3.147830e-02   8.145884e+03   3.524270e-01
  2.571965e+00   1.550109e+01   2.560461e-01   3.937276e+00   3.251564e-02   8.476194e+03   3.539559e-01
  2.590738e+00   1.562741e+01   2.656513e-01   3.953295e+00   3.359872e-02   8.822462e+03   3.555179e-01
  2.609512e+00   1.575760e+01   2.757448e-01   3.969736e+00   3.473087e-02   9.185832e+03   3.571143e-01
  2.628285e+00   1.589185e+01   2.863650e-01   3.986620e+00   3.591577e-02   9.567560e+03   3.587465e-01
  2.647059e+00   1.603036e+01   2.975545e-01   4.003966e+00   3.715747e-02   9.969039e+03   3.604158e-01
  2.665832e+00   1.617337e+01   3.093607e-01   4.021797e+00   3.846050e-02   1.039181e+04   3.621238e-01
  2.684606e+00   1.632112e+01   3.218363e-01   4.040136e+00   3.982989e-02   1.083760e+04   3.638723e-01
  2.703379e+00   1.647386e+01   3.350408e-01   4.059011e+00   4.127124e-02   1.130832e+04   3.656629e-01
  2.722153e+00   1.663190e+01   3.490406e-01   4.078447e+00   4.279087e-02   1.180612e+04   3.674977e-01
  2.740926e+00   1.679554e+01   3.639108e-01   4.098476e+00   4.439587e-02   1.233342e+04   3.693786e-01
  2.759700e+00   1.696511e+01   3.797366e-01   4.119131e+00   4.609427e-02   1.289295e+04   3.713080e-01
  2.778473e+00   1.714101e+01   3.966150e-01   4.140447e+00   4.789518e-02   1.348781e+04   3.732884e-01
  2.797247e+00   1.732364e+01   4.146567e-01   4.162465e+00   4.980903e-02   1.412155e+04   3.753224e-01
  2.816020e+00   1.751344e+01   4.339894e-01   4.185228e+00   5.184777e-02   1.479821e+04   3.774131e-01
  2.834793e+00   1.771093e+01   4.547606e-01   4.208783e+00   5.402520e-02   1.552249e+04   3.795636e-01
  2.853567e+00   1.791666e+01   4.771421e-01   4.233183e+00   5.635737e-02   1.629980e+04   3.817775e-01
  2.872340e+00   1.813125e+01   5.013354e-01   4.258488e+00   5.886308e-02   1.713651e+04   3.840588e-01
  2.891114e+00   1.835540e+01   5.275785e-01   4.284762e+00   6.156451e-02   1.804011e+04   3.864120e-01
  2.909887e+00   1.858988e+01   5.561556e-01   4.312080e+00   6.448808e-02   1.901950e+04   3.888419e-01
  2.928661e+00   1.883557e+01   5.874085e-01   4.340524e+00   6.766561e-02   2.008541e+04   3.913541e-01
  2.947434e+00   1.909349e+01   6.217539e-01   4.370189e+00   7.113581e-02   2.125083e+04   3.939550e-01
  2.966208e+00   1.936478e+01   6.597059e-01   4.401181e+00   7.494647e-02   2.253182e+04   3.966516e-01
  2.984981e+00   1.965074e+01   7.019086e-01   4.433623e+00   7.915745e-02   2.394842e+04   3.994522e-01
  3.003755e+00   1.995291e+01   7.491827e-01   4.467655e+00   8.384520e-02   2.552620e+04   4.023660e-01
  3.022528e+00   2.027303e+01   8.025967e-01   4.503440e+00   8.910930e-02   2.729838e+04   4.054039e-01
  3.041302e+00   2.061315e+01   8.635743e-01   4.541166e+00   9.508288e-02   2.930929e+04   4.085784e-01
  3.060075e+00   2.097563e+01   9.340682e-01   4.581050e+00   1.019491e-01   3.161980e+04   4.119039e-01
  3.078849e+00   2.136316e+01   1.016846e+00   4.623338e+00   1.099688e-01   3.431637e+04   4.153968e-01
  3.097622e+00   2.177865e+01   1.115975e+00   4.668291e+00   1.195271e-01   3.752653e+04   4.190743e-01
  3.116395e+00   2.222484e+01   1.237657e+00   4.716148e+00   1.312148e-01   4.144565e+04   4.229523e-01
  3.135169e+00   2.270302e+01   1.391582e+00   4.767003e+00   1.459598e-01   4.638076e+04   4.270365e-01
  3.153942e+00   2.320986e+01   1.592508e+00   4.820493e+00   1.651810e-01   5.280285e+04   4.313012e-01
  3.172716e+00   2.373122e+01   1.858621e+00   4.875198e+00   1.906201e-01   6.129758e+04   4.356477e-01
  3.191489e+00   2.423965e+01   2.192789e+00   4.928402e+00   2.224645e-01   7.196107e+04   4.398818e-01
  3.210263e+00   2.472134e+01   2.539345e+00   4.978592e+00   2.550265e-01   8.297922e+04   4.438664e-01
  3.229036e+00   2.522545e+01   2.809401e+00   5.030252e+00   2.792505e-01   9.139248e+04   4.478609e-01
  3.247810e+00   2.584391e+01   3.028396e+00   5.092379e+00   2.973459e-01   9.788047e+04   4.525132e-01
  3.266583e+00   2.661680e+01   3.347227e+00   5.169296e+00   3.237605e-01   1.071917e+05   4.582165e-01
  3.285357e+00   2.750253e+01   3.890085e+00   5.257319e+00   3.699685e-01   1.231944e+05   4.647802e-01
  3.304130e+00   2.841554e+01   4.725804e+00   5.348896e+00   4.417551e-01   1.479389e+05   4.717613e-01
  3.322904e+00   2.926326e+01   5.856210e+00   5.436301e+00   5.386208e-01   1.814030e+05   4.787333e-01
  3.341677e+00   3.000187e+01   7.214474e+00   5.516293e+00   6.539241e-01   2.214804e+05   4.855367e-01
  3.360451e+00   3.060397e+01   8.871517e+00   5.588732e+00   7.936968e-01   2.703309e+05   4.924104e-01
  3.379224e+00   3.087567e+01   1.106341e+01   5.642412e+00   9.803799e-01   3.357801e+05   4.993732e-01
  3.397997e+00   3.047160e+01   1.367448e+01   5.651144e+00   1.209886e+00   4.166882e+05   5.053870e-01
  3.416771e+00   2.923213e+01   1.609378e+01   5.594715e+00   1.438302e+00   4.980918e+05   5.087937e-01
  3.435544e+00   2.733678e+01   1.778455e+01   5.474920e+00   1.624184e+00   5.655542e+05   5.085633e-01
  3.454318e+00   2.511100e+01   1.853944e+01   5.306804e+00   1.746762e+00   6.115605e+05   5.043492e-01
  3.473091e+00   2.293972e+01   1.819770e+01   5.109838e+00   1.780653e+00   6.268145e+05   4.953352e-01
  3.491865e+00   2.129506e+01   1.680532e+01   4.920493e+00   1.707687e+00   6.043787e+05   4.816227e-01
  3.510638e+00   2.055408e+01   1.485404e+01   4.791333e+00   1.550095e+00   5.515538e+05   4.667755e-01
  3.529412e+00   2.078499e+01   1.302537e+01   4.759941e+00   1.368228e+00   4.894455e+05   4.567668e-01
  3.548185e+00   2.178635e+01   1.180793e+01   4.825290e+00   1.223546e+00   4.400178e+05   4.552476e-01
  3.566959e+00   2.322140e+01   1.151447e+01   4.956855e+00   1.161469e+00   4.199033e+05   4.616960e-01
  3.585732e+00   2.464892e+01   1.232690e+01   5.109224e+00   1.206337e+00   4.384198e+05   4.729752e-01
  3.604506e+00   2.556233e+01   1.416337e+01   5.233841e+00   1.353057e+00   4.943168e+05   4.855106e-01
  3.623279e+00   2.548520e+01   1.662333e+01   5.287374e+00   1.571983e+00   5.772889e+05   4.964670e-01
  3.642053e+00   2.427702e+01   1.869688e+01   5.240194e+00   1.783987e+00   6.585390e+05   5.023868e-01
  3.660826e+00   2.254004e+01   1.924687e+01   5.107811e+00   1.884063e+00   6.990657e+05   4.999090e-01
  3.679599e+00   2.116479e+01   1.854286e+01   4.965052e+00   1.867338e+00   6.964132e+05   4.916606e-01
  3.698373e+00   2.042805e+01   1.763604e+01   4.869073e+00   1.811027e+00   6.788582e+05   4.837413e-01
  3.717146e+00   2.021517e+01   1.670933e+01   4.818825e+00   1.733755e+00   6.531922e+05   4.771330e-01
  3.735920e+00   2.049171e+01   1.595625e+01   4.819911e+00   1.655243e+00   6.267623e+05   4.733948e-01
  3.754693e+00   2.093964e+01   1.599983e+01   4.862731e+00   1.645149e+00   6.260705e+05   4.754071e-01
  3.773467e+00   2.102054e+01   1.658857e+01   4.888671e+00   1.696634e+00   6.488915e+05   4.793056e-01
  3.792240e+00   2.074844e+01   1.665602e+01   4.865964e+00   1.711482e+00   6.578269e+05   4.787217e-01
  3.811014e+00   2.072054e+01   1.593985e+01   4.840601e+00   1.646475e+00   6.359737e+05   4.741835e-01
  3.829787e+00   2.124495e+01   1.531514e+01   4.870045e+00   1.572382e+00   6.103463e+05   4.725080e-01
  3.848561e+00   2.199220e+01   1.537455e+01   4.940933e+00   1.555835e+00   6.068836e+05   4.759759e-01
  3.867334e+00   2.263503e+01   1.568966e+01   5.008797e+00   1.566210e+00   6.139108e+05   4.803971e-01
  3.886108e+00   2.337871e+01   1.573541e+01   5.077385e+00   1.549558e+00   6.103321e+05   4.836874e-01
  3.904881e+00   2.446270e+01   1.609801e+01   5.183965e+00   1.552673e+00   6.145135e+05   4.899206e-01
  3.923655e+00   2.543816e+01   1.764590e+01   5.310248e+00   1.661495e+00   6.607442e+05   5.011485e-01
  3.942428e+00   2.549076e+01   2.002726e+01   5.380887e+00   1.860963e+00   7.436096e+05   5.128093e-01
  3.961202e+00   2.454906e+01   2.156407e+01   5.349028e+00   2.015700e+00   8.092753e+05   5.178146e-01
  3.979975e+00   2.366618e+01   2.124670e+01   5.266424e+00   2.017185e+00   8.137098e+05   5.139108e-01
  3.998748e+00   2.378983e+01   2.033216e+01   5.248068e+00   1.937109e+00   7.850941e+05   5.094203e-01
  4.017522e+00   2.468564e+01   2.041678e+01   5.325430e+00   1.916914e+00   7.805567e+05   5.123860e-01
  4.036295e+00   2.546884e+01   2.170370e+01   5.428211e+00   1.999157e+00   8.178496e+05   5.208837e-01
  4.055069e+00   2.569850e+01   2.316537e+01   5.490759e+00   2.109487e+00   8.669990e+05   5.284867e-01
  4.073842e+00   2.575806e+01   2.397108e+01   5.520170e+00   2.171227e+00   8.965054e+05   5.324549e-01
  4.092616e+00   2.610786e+01   2.465338e+01   5.568492e+00   2.213649e+00   9.182339e+05   5.363968e-01
  4.111389e+00   2.666416e+01   2.585599e+01   5.648270e+00   2.288841e+00   9.537791e+05   5.430044e-01
  4.130163e+00   2.711516e+01   2.761681e+01   5.736642e+00   2.407053e+00   1.007619e+06   5.516169e-01
  4.148936e+00   2.724655e+01   2.977235e+01   5.813972e+00   2.560414e+00   1.076690e+06   5.610932e-01
  4.167710e+00   2.702631e+01   3.203787e+01   5.871161e+00   2.728410e+00   1.152526e+06   5.703275e-01
  4.186483e+00   2.653704e+01   3.440411e+01   5.915510e+00   2.907958e+00   1.233903e+06   5.795694e-01
  4.205257e+00   2.559945e+01   3.728974e+01   5.951075e+00   3.133025e+00   1.335365e+06   5.905221e-01
  4.224030e+00   2.376436e+01   4.050936e+01   5.946840e+00   3.405957e+00   1.458175e+06   6.026110e-01
  4.242804e+00   2.103436e+01   4.292787e+01   5.866797e+00   3.658544e+00   1.573275e+06   6.123551e-01
  4.261577e+00   1.807542e+01   4.403848e+01   5.730579e+00   3.842411e+00   1.659654e+06   6.183736e-01
  4.280350e+00   1.523227e+01   4.479516e+01   5.592245e+00   4.005114e+00   1.737552e+06   6.240421e-01
  4.299124e+00   1.221951e+01   4.540238e+01   5.442312e+00   4.171240e+00   1.817560e+06   6.304198e-01
  4.317897e+00   9.273574e+00   4.474841e+01   5.242747e+00   4.267649e+00   1.867689e+06   6.332764e-01
  4.336671e+00   7.176703e+00   4.320135e+01   5.048272e+00   4.278825e+00   1.880722e+06   6.321168e-01
  4.355444e+00   5.875811e+00   4.249668e+01   4.938460e+00   4.302624e+00   1.899369e+06   6.326772e-01
  4.374218e+00   4.338769e+00   4.319411e+01   4.886217e+00   4.419994e+00   1.959592e+06   6.392864e-01
  4.392991e+00   1.730521e+00   4.415710e+01   4.791739e+00   4.607628e+00   2.051546e+06   6.500751e-01
  4.411765e+00  -1.607172e+00   4.355251e+01   4.581211e+00   4.753384e+00   2.125489e+06   6.590383e-01
  4.430538e+00  -4.535475e+00   4.117524e+01   4.294695e+00   4.793733e+00   2.152652e+06   6.632515e-01
  4.449312e+00  -6.626622e+00   3.858726e+01   4.032710e+00   4.784284e+00   2.157512e+06   6.654570e-01
  4.468085e+00  -8.300913e+00   3.616091e+01   3.794768e+00   4.764575e+00   2.157690e+06   6.677884e-01
  4.486859e+00  -9.565328e+00   3.305892e+01   3.524884e+00   4.689364e+00   2.132553e+06   6.679705e-01
  4.505632e+00  -9.879113e+00   2.935071e+01   3.247276e+00   4.519282e+00   2.063805e+06   6.622985e-01
  4.524406e+00  -9.082578e+00   2.613857e+01   3.048691e+00   4.286852e+00   1.965819e+06   6.492633e-01
  4.543179e+00  -7.672019e+00   2.414963e+01   2.972118e+00   4.062697e+00   1.870759e+06   6.317446e-01
  4.561952e+00  -6.255975e+00   2.325060e+01   2.985093e+00   3.894452e+00   1.800697e+06   6.154187e-01
  4.580726e+00  -5.240658e+00   2.312712e+01   3.039145e+00   3.804873e+00   1.766518e+06   6.052001e-01
  4.599499e+00  -4.876496e+00   2.333892e+01   3.079483e+00   3.789421e+00   1.766554e+06   6.026716e-01
  4.618273e+00  -5.087822e+00   2.310435e+01   3.047137e+00   3.791156e+00   1.774577e+06   6.036526e-01
  4.637046e+00  -5.337926e+00   2.188699e+01   2.931773e+00   3.732723e+00   1.754327e+06   6.010115e-01
  4.655820e+00  -5.051489e+00   2.008486e+01   2.798113e+00   3.589001e+00   1.693609e+06   5.901190e-01
  4.674593e+00  -4.164490e+00   1.853539e+01   2.723323e+00   3.403084e+00   1.612352e+06   5.718738e-01
  4.693367e+00  -2.924507e+00   1.736266e+01   2.709495e+00   3.204039e+00   1.524144e+06   5.489104e-01
  4.712140e+00  -1.377871e+00   1.635691e+01   2.741985e+00   2.982676e+00   1.424518e+06   5.210257e-01
  4.730914e+00   5.365419e-01   1.573000e+01   2.852691e+00   2.757046e+00   1.322003e+06   4.916016e-01
  4.749687e+00   2.689497e+00   1.583795e+01   3.062204e+00   2.586038e+00   1.244926e+06   4.717855e-01
  4.768461e+00   4.794793e+00   1.680785e+01   3.337152e+00   2.518292e+00   1.217104e+06   4.692968e-01
  4.787234e+00   6.522701e+00   1.860403e+01   3.621950e+00   2.568234e+00   1.246128e+06   4.818058e-01
  4.806008e+00   7.628880e+00   2.086780e+01   3.863124e+00   2.700897e+00   1.315637e+06   5.006435e-01
  4.824781e+00   8.256458e+00   2.295254e+01   4.040349e+00   2.840416e+00   1.389003e+06   5.171823e-01
  4.843554e+00   8.711457e+00   2.509205e+01   4.199567e+00   2.987458e+00   1.466592e+06   5.328676e-01
  4.862328e+00   8.706451e+00   2.812485e+01   4.367384e+00   3.219874e+00   1.586816e+06   5.540801e-01
  4.881101e+00   7.636547e+00   3.158618e+01   4.479551e+00   3.525596e+00   1.744191e+06   5.779514e-01
  4.899875e+00   5.554005e+00   3.422037e+01   4.484538e+00   3.815373e+00   1.894810e+06   5.981347e-01
  4.918648e+00   3.096746e+00   3.566557e+01   4.410018e+00   4.043700e+00   2.015896e+06   6.133242e-01
  4.937422e+00   7.482564e-01   3.640291e+01   4.310386e+00   4.222697e+00   2.113167e+06   6.254393e-01
  4.956195e+00  -1.445885e+00   3.698468e+01   4.217051e+00   4.385135e+00   2.202799e+06   6.368292e-01
  4.974969e+00  -3.687733e+00   3.761454e+01   4.129598e+00   4.554263e+00   2.296423e+06   6.489488e-01
  4.993742e+00  -6.251422e+00   3.830305e+01   4.034750e+00   4.746644e+00   2.402461e+06   6.629235e-01
  5.012516e+00  -9.392307e+00   3.873982e+01   3.903192e+00   4.962582e+00   2.521198e+06   6.792018e-01
  5.031289e+00  -1.300129e+01   3.807094e+01   3.689745e+00   5.159022e+00   2.630814e+06   6.963748e-01
  5.050063e+00  -1.650374e+01   3.583813e+01   3.387615e+00   5.289581e+00   2.707457e+06   7.131014e-01
  5.068836e+00  -1.919845e+01   3.215411e+01   3.020850e+00   5.322029e+00   2.734192e+06   7.284093e-01
  5.087610e+00  -2.046385e+01   2.751420e+01   2.629267e+00   5.232293e+00   2.698046e+06   7.406297e-01
  5.106383e+00  -2.004833e+01   2.306566e+01   2.292643e+00   5.030363e+00   2.603492e+06   7.462911e-01
  5.125156e+00  -1.839709e+01   2.004576e+01   2.098940e+00   4.775211e+00   2.480523e+06   7.409202e-01
  5.143930e+00  -1.640154e+01   1.883371e+01   2.070366e+00   4.548401e+00   2.371359e+06   7.250063e-01
  5.162703e+00  -1.483725e+01   1.902228e+01   2.154906e+00   4.413713e+00   2.309536e+06   7.071571e-01
  5.181477e+00  -1.416450e+01   2.001091e+01   2.275107e+00   4.397796e+00   2.309576e+06   6.973277e-01
  5.200250e+00  -1.454049e+01   2.103575e+01   2.348567e+00   4.478421e+00   2.360439e+06   6.995676e-01
  5.219024e+00  -1.565954e+01   2.117111e+01   2.310157e+00   4.582179e+00   2.423845e+06   7.108101e-01
  5.237797e+00  -1.684023e+01   2.012250e+01   2.167857e+00   4.641103e+00   2.463845e+06   7.253718e-01
  5.256571e+00  -1.756490e+01   1.844087e+01   1.987782e+00   4.638553e+00   2.471318e+06   7.388193e-01
  5.275344e+00  -1.779418e+01   1.677660e+01   1.825054e+00   4.596194e+00   2.457495e+06   7.491846e-01
  5.294118e+00  -1.772309e+01   1.528234e+01   1.685082e+00   4.534599e+00   2.433190e+06   7.572999e-01
  5.312891e+00  -1.742328e+01   1.381157e+01   1.550847e+00   4.452910e+00   2.397830e+06   7.644453e-01
  5.331665e+00  -1.685767e+01   1.244417e+01   1.431008e+00   4.348041e+00   2.349632e+06   7.693341e-01
  5.350438e+00  -1.611754e+01   1.144087e+01   1.350518e+00   4.235734e+00   2.297003e+06   7.697952e-01
  5.369212e+00  -1.539087e+01   1.077673e+01   1.303432e+00   4.133981e+00   2.249689e+06   7.671985e-01
  5.387985e+00  -1.477482e+01   1.026681e+01   1.268250e+00   4.047626e+00   2.210397e+06   7.643559e-01
  5.406758e+00  -1.426418e+01   9.777115e+00   1.230678e+00   3.972248e+00   2.176791e+06   7.628143e-01
  5.425532e+00  -1.378885e+01   9.197501e+00   1.180259e+00   3.896390e+00   2.142636e+06   7.631831e-01
  5.444305e+00  -1.324138e+01   8.519942e+00   1.118975e+00   3.807031e+00   2.100740e+06   7.642221e-01
  5.463079e+00  -1.253752e+01   7.843289e+00   1.060946e+00   3.696367e+00   2.046709e+06   7.630578e-01
  5.481852e+00  -1.169502e+01   7.367286e+00   1.031280e+00   3.571913e+00   1.984594e+06   7.556883e-01
  5.500626e+00  -1.081020e+01   7.145061e+00   1.036315e+00   3.447340e+00   1.921940e+06   7.414179e-01
  5.519399e+00  -9.952127e+00   7.143437e+00   1.071990e+00   3.331860e+00   1.863898e+06   7.214604e-01
  5.538173e+00  -9.219923e+00   7.448496e+00   1.147345e+00   3.245970e+00   1.822026e+06   6.970189e-01
  5.556946e+00  -8.772398e+00   7.980589e+00   1.242372e+00   3.211835e+00   1.808977e+06   6.761308e-01
  5.575720e+00  -8.639850e+00   8.391123e+00   1.304636e+00   3.215886e+00   1.817378e+06   6.666164e-01
  5.594493e+00  -8.638366e+00   8.441222e+00   1.311398e+00   3.218405e+00   1.824925e+06   6.659006e-01
  5.613267e+00  -8.550367e+00   8.241480e+00   1.289432e+00   3.195779e+00   1.818176e+06   6.662637e-01
  5.632040e+00  -8.350535e+00   8.108942e+00   1.282444e+00   3.161518e+00   1.804700e+06   6.626201e-01
  5.650814e+00  -8.182689e+00   8.120917e+00   1.293403e+00   3.139360e+00   1.798025e+06   6.577230e-01
  5.669587e+00  -8.094033e+00   8.019526e+00   1.284542e+00   3.121551e+00   1.793764e+06   6.566133e-01
  5.688360e+00  -7.932479e+00   7.660775e+00   1.244044e+00   3.078981e+00   1.775161e+06   6.571904e-01
  5.707134e+00  -7.560521e+00   7.260589e+00   1.208663e+00   3.003562e+00   1.737394e+06   6.521728e-01
  5.725907e+00  -7.034762e+00   7.094782e+00   1.215818e+00   2.917700e+00   1.693279e+06   6.376865e-01
  5.744681e+00  -6.508187e+00   7.185286e+00   1.262218e+00   2.846293e+00   1.657254e+06   6.180598e-01
  5.763454e+00  -6.075677e+00   7.419951e+00   1.325594e+00   2.798727e+00   1.634884e+06   5.995567e-01
  5.782228e+00  -5.738738e+00   7.673901e+00   1.386296e+00   2.767771e+00   1.622067e+06   5.847848e-01
  5.801001e+00  -5.428511e+00   7.892613e+00   1.440615e+00   2.739321e+00   1.610607e+06   5.718980e-01
  5.819775e+00  -5.109098e+00   8.205572e+00   1.509477e+00   2.718018e+00   1.603253e+06   5.587967e-01
  5.838548e+00  -4.859214e+00   8.743248e+00   1.603684e+00   2.725989e+00   1.613142e+06   5.485819e-01
  5.857322e+00  -4.838345e+00   9.519113e+00   1.708774e+00   2.785364e+00   1.653577e+06   5.472160e-01
  5.876095e+00  -5.193366e+00   1.034816e+01   1.786739e+00   2.895825e+00   1.724664e+06   5.575110e-01
  5.894869e+00  -5.880489e+00   1.080884e+01   1.792267e+00   3.015412e+00   1.801625e+06   5.755302e-01
  5.913642e+00  -6.622671e+00   1.068298e+01   1.724322e+00   3.097734e+00   1.856704e+06   5.947036e-01
  5.932416e+00  -7.168714e+00   1.019694e+01   1.627262e+00   3.133160e+00   1.883899e+06   6.106843e-01
  5.951189e+00  -7.482172e+00   9.642684e+00   1.536704e+00   3.137456e+00   1.892452e+06   6.223966e-01
  5.969962e+00  -7.617185e+00   9.063789e+00   1.452982e+00   3.119029e+00   1.887272e+06   6.308823e-01
  5.988736e+00  -7.544048e+00   8.409543e+00   1.369933e+00   3.069326e+00   1.863038e+06   6.355918e-01
  6.007509e+00  -7.218085e+00   7.855306e+00   1.313380e+00   2.990493e+00   1.820878e+06   6.324868e-01
  6.026283e+00  -6.760779e+00   7.687512e+00   1.318465e+00   2.915327e+00   1.780657e+06   6.198858e-01
  6.045056e+00  -6.443072e+00   7.950294e+00   1.376631e+00   2.887591e+00   1.769211e+06   6.062989e-01
  6.063830e+00  -6.425078e+00   8.269600e+00   1.422527e+00   2.906658e+00   1.786424e+06   6.025711e-01
  6.082603e+00  -6.566981e+00   8.253546e+00   1.410736e+00   2.925262e+00   1.803424e+06   6.072781e-01
  6.101377e+00  -6.622747e+00   7.976138e+00   1.368300e+00   2.914617e+00   1.802407e+06   6.119354e-01
  6.120150e+00  -6.538215e+00   7.756689e+00   1.342844e+00   2.888156e+00   1.791539e+06   6.116243e-01
  6.138924e+00  -6.441114e+00   7.710030e+00   1.342647e+00   2.871205e+00   1.786487e+06   6.088943e-01
  6.157697e+00  -6.426935e+00   7.683613e+00   1.339817e+00   2.867411e+00   1.789583e+06   6.087208e-01
  6.176471e+00  -6.444332e+00   7.501252e+00   1.312434e+00   2.857764e+00   1.789000e+06   6.115383e-01
  6.195244e+00  -6.368622e+00   7.170368e+00   1.269185e+00   2.824792e+00   1.773734e+06   6.133084e-01
  6.214018e+00  -6.152647e+00   6.876427e+00   1.239860e+00   2.773067e+00   1.746531e+06   6.097042e-01
  6.232791e+00  -5.884107e+00   6.759815e+00   1.240547e+00   2.724530e+00   1.721146e+06   6.012101e-01
  6.251564e+00  -5.662852e+00   6.719454e+00   1.249916e+00   2.687962e+00   1.703160e+06   5.931019e-01
  6.270338e+00  -5.436413e+00   6.540021e+00   1.238564e+00   2.640162e+00   1.677896e+06   5.865120e-01
  6.289111e+00  -5.056901e+00   6.265087e+00   1.223603e+00   2.560099e+00   1.631885e+06   5.743440e-01
  6.307885e+00  -4.496101e+00   6.166846e+00   1.252145e+00   2.462513e+00   1.574366e+06   5.502403e-01
  6.326658e+00  -3.874658e+00   6.384247e+00   1.340407e+00   2.381459e+00   1.527077e+06   5.190871e-01
  6.345432e+00  -3.329902e+00   6.887375e+00   1.469729e+00   2.343076e+00   1.506923e+06   4.927406e-01
  6.364205e+00  -2.955430e+00   7.594023e+00   1.611431e+00   2.356298e+00   1.519910e+06   4.789950e-01
  6.382979e+00  -2.766944e+00   8.348346e+00   1.736086e+00   2.404358e+00   1.555486e+06   4.765743e-01
  6.401752e+00  -2.672977e+00   9.054650e+00   1.839561e+00   2.461090e+00   1.596871e+06   4.788804e-01
  6.420526e+00  -2.651337e+00   9.961853e+00   1.956694e+00   2.545582e+00   1.656537e+06   4.858257e-01
  6.439299e+00  -2.947683e+00   1.131607e+01   2.091173e+00   2.705677e+00   1.765867e+06   5.043450e-01
  6.458073e+00  -3.866065e+00   1.279812e+01   2.179822e+00   2.935590e+00   1.921506e+06   5.344488e-01
  6.476846e+00  -5.404034e+00   1.375670e+01   2.165183e+00   3.176799e+00   2.085436e+06   5.693414e-01
  6.495620e+00  -7.156705e+00   1.368320e+01   2.035322e+00   3.361434e+00   2.213037e+06   6.031045e-01
  6.514393e+00  -8.577951e+00   1.271030e+01   1.837946e+00   3.457745e+00   2.283024e+06   6.325933e-01
  6.533166e+00  -9.496278e+00   1.161553e+01   1.659375e+00   3.499972e+00   2.317564e+06   6.564811e-01
  6.551940e+00  -1.014717e+01   1.069000e+01   1.515245e+00   3.527483e+00   2.342493e+06   6.770851e-01
  6.570713e+00  -1.064239e+01   9.625875e+00   1.361516e+00   3.534985e+00   2.354201e+06   6.986610e-01
  6.589487e+00  -1.087014e+01   8.403270e+00   1.197789e+00   3.507826e+00   2.342789e+06   7.203897e-01
  6.608260e+00  -1.079793e+01   7.268864e+00   1.053248e+00   3.450690e+00   2.311195e+06   7.386983e-01
  6.627034e+00  -1.050147e+01   6.309810e+00   9.353713e-01   3.372890e+00   2.265504e+06   7.525808e-01
  6.645807e+00  -1.005237e+01   5.553402e+00   8.461636e-01   3.281518e+00   2.210375e+06   7.612520e-01
  6.664581e+00  -9.523524e+00   5.041376e+00   7.912172e-01   3.185836e+00   2.151987e+06   7.630733e-01
  6.683354e+00  -9.016612e+00   4.797953e+00   7.736559e-01   3.100831e+00   2.100468e+06   7.574938e-01
  6.702128e+00  -8.641077e+00   4.755735e+00   7.817449e-01   3.041743e+00   2.066231e+06   7.483684e-01
  6.720901e+00  -8.439325e+00   4.730511e+00   7.859329e-01   3.009488e+00   2.050046e+06   7.432970e-01
  6.739675e+00  -8.338373e+00   4.546014e+00   7.611559e-01   2.986257e+00   2.039904e+06   7.466909e-01
  6.758448e+00  -8.196158e+00   4.165806e+00   7.063686e-01   2.948748e+00   2.019892e+06   7.565675e-01
  6.777222e+00  -7.910971e+00   3.725160e+00   6.454402e-01   2.885752e+00   1.982231e+06   7.660397e-01
  6.795995e+00  -7.492461e+00   3.395636e+00   6.056210e-01   2.803433e+00   1.931020e+06   7.679003e-01
  6.814768e+00  -7.017340e+00   3.232980e+00   5.953690e-01   2.715107e+00   1.875346e+06   7.598594e-01
  6.833542e+00  -6.547702e+00   3.208556e+00   6.098708e-01   2.630522e+00   1.821928e+06   7.435181e-01
  6.852315e+00  -6.118388e+00   3.303116e+00   6.460211e-01   2.556508e+00   1.775530e+06   7.204920e-01
  6.871089e+00  -5.762848e+00   3.506448e+00   7.010475e-01   2.500863e+00   1.741642e+06   6.934600e-01
  6.889862e+00  -5.521234e+00   3.790405e+00   7.667690e-01   2.471673e+00   1.726017e+06   6.677289e-01
  6.908636e+00  -5.408680e+00   4.060990e+00   8.230610e-01   2.467004e+00   1.727451e+06   6.501209e-01
  6.927409e+00  -5.369668e+00   4.209509e+00   8.524464e-01   2.469075e+00   1.733599e+06   6.421259e-01
  6.946183e+00  -5.319514e+00   4.263410e+00   8.653503e-01   2.463401e+00   1.734303e+06   6.374690e-01
  6.964956e+00  -5.247353e+00   4.353030e+00   8.861530e-01   2.456139e+00   1.733864e+06   6.303920e-01
  6.983730e+00  -5.222848e+00   4.517665e+00   9.172680e-01   2.462565e+00   1.743086e+06   6.233042e-01
  7.002503e+00  -5.271646e+00   4.618013e+00   9.318411e-01   2.477897e+00   1.758653e+06   6.224301e-01
  7.021277e+00  -5.312902e+00   4.566064e+00   9.199225e-01   2.481765e+00   1.766121e+06   6.262476e-01
  7.040050e+00  -5.275934e+00   4.474622e+00   9.060886e-01   2.469196e+00   1.761874e+06   6.275113e-01
  7.058824e+00  -5.172131e+00   4.440308e+00   9.067965e-01   2.448349e+00   1.751657e+06   6.233563e-01
  7.077597e+00  -5.050422e+00   4.504447e+00   9.265290e-01   2.430818e+00   1.743741e+06   6.147646e-01
  7.096370e+00  -4.974789e+00   4.677160e+00   9.626562e-01   2.429300e+00   1.747273e+06   6.052065e-01
  7.115144e+00  -4.987171e+00   4.880860e+00   9.977439e-01   2.445948e+00   1.763902e+06   5.998478e-01
  7.133917e+00  -5.072004e+00   5.039024e+00   1.019218e+00   2.472005e+00   1.787397e+06   5.998379e-01
  7.152691e+00  -5.206132e+00   5.170497e+00   1.032302e+00   2.504352e+00   1.815551e+06   6.030383e-01
  7.171464e+00  -5.405176e+00   5.292781e+00   1.039192e+00   2.546585e+00   1.851013e+06   6.094511e-01
  7.190238e+00  -5.690047e+00   5.350040e+00   1.029605e+00   2.598102e+00   1.893403e+06   6.211006e-01
  7.209011e+00  -6.021975e+00   5.224040e+00   9.874588e-01   2.645194e+00   1.932755e+06   6.391870e-01
  7.227785e+00  -6.293930e+00   4.869542e+00   9.120946e-01   2.669428e+00   1.955541e+06   6.616217e-01
  7.246558e+00  -6.418069e+00   4.391660e+00   8.242298e-01   2.664099e+00   1.956706e+06   6.837560e-01
  7.265332e+00  -6.365861e+00   3.885191e+00   7.389001e-01   2.629037e+00   1.935957e+06   7.025245e-01
  7.284105e+00  -6.141486e+00   3.443767e+00   6.706842e-01   2.567353e+00   1.895420e+06   7.140698e-01
  7.302879e+00  -5.813037e+00   3.201498e+00   6.416001e-01   2.494932e+00   1.846700e+06   7.122721e-01
  7.321652e+00  -5.494863e+00   3.158167e+00   6.492009e-01   2.432350e+00   1.805006e+06   6.993114e-01
  7.340426e+00  -5.234855e+00   3.174862e+00   6.661525e-01   2.382984e+00   1.772907e+06   6.848360e-01
  7.359199e+00  -4.988459e+00   3.182407e+00   6.814220e-01   2.335122e+00   1.741741e+06   6.708096e-01
  7.377972e+00  -4.734674e+00   3.282398e+00   7.164192e-01   2.290836e+00   1.713068e+06   6.502724e-01
  7.396746e+00  -4.545036e+00   3.549321e+00   7.815630e-01   2.270656e+00   1.702298e+06   6.246926e-01
  7.415519e+00  -4.505974e+00   3.904873e+00   8.533937e-01   2.287849e+00   1.719541e+06   6.062467e-01
  7.434293e+00  -4.626970e+00   4.195513e+00   8.997009e-01   2.331616e+00   1.756872e+06   6.021353e-01
  7.453066e+00  -4.835354e+00   4.322776e+00   9.084484e-01   2.379208e+00   1.797260e+06   6.093874e-01
  7.471840e+00  -5.053111e+00   4.319680e+00   8.929482e-01   2.418774e+00   1.831751e+06   6.213803e-01
  7.490613e+00  -5.260826e+00   4.252010e+00   8.670304e-01   2.452054e+00   1.861619e+06   6.348720e-01
  7.509387e+00  -5.451876e+00   4.087086e+00   8.251899e-01   2.476452e+00   1.884855e+06   6.512348e-01
  7.528160e+00  -5.566039e+00   3.783044e+00   7.628597e-01   2.479515e+00   1.891904e+06   6.703167e-01
  7.546934e+00  -5.543264e+00   3.439017e+00   7.000448e-01   2.456283e+00   1.878852e+06   6.862010e-01
  7.565707e+00  -5.404499e+00   3.195098e+00   6.609907e-01   2.416900e+00   1.853326e+06   6.925731e-01
  7.584481e+00  -5.238933e+00   3.113673e+00   6.540030e-01   2.380473e+00   1.829922e+06   6.886582e-01
  7.603254e+00  -5.131552e+00   3.134867e+00   6.639971e-01   2.360603e+00   1.819139e+06   6.815870e-01
  7.622028e+00  -5.096020e+00   3.135280e+00   6.660480e-01   2.353644e+00   1.818255e+06   6.796058e-01
  7.640801e+00  -5.077023e+00   3.051893e+00   6.506444e-01   2.345285e+00   1.816260e+06   6.835767e-01
  7.659574e+00  -5.024527e+00   2.937702e+00   6.307850e-01   2.328608e+00   1.807776e+06   6.878027e-01
  7.678348e+00  -4.947152e+00   2.865438e+00   6.204562e-01   2.309138e+00   1.797054e+06   6.881345e-01
  7.697121e+00  -4.881065e+00   2.831998e+00   6.172815e-01   2.293927e+00   1.789581e+06   6.865677e-01
  7.715895e+00  -4.838289e+00   2.790286e+00   6.111202e-01   2.282927e+00   1.785344e+06   6.869047e-01
  7.734668e+00  -4.796799e+00   2.705888e+00   5.960577e-01   2.269820e+00   1.779413e+06   6.903389e-01
  7.753442e+00  -4.721233e+00   2.588524e+00   5.757818e-01   2.247834e+00   1.766454e+06   6.943771e-01
  7.772215e+00  -4.610322e+00   2.514436e+00   5.661724e-01   2.220557e+00   1.749243e+06   6.932881e-01
  7.790989e+00  -4.512546e+00   2.516162e+00   5.718791e-01   2.199907e+00   1.737162e+06   6.870872e-01
  7.809762e+00  -4.457280e+00   2.514890e+00   5.746886e-01   2.188046e+00   1.731960e+06   6.836805e-01
  7.828536e+00  -4.410200e+00   2.444201e+00   5.621477e-01   2.173985e+00   1.724966e+06   6.862365e-01
  7.847309e+00  -4.320192e+00   2.331659e+00   5.427033e-01   2.148190e+00   1.708586e+06   6.896467e-01
  7.866083e+00  -4.178822e+00   2.258042e+00   5.343464e-01   2.112900e+00   1.684539e+06   6.865345e-01
  7.884856e+00  -4.028929e+00   2.276371e+00   5.470886e-01   2.080441e+00   1.662619e+06   6.744353e-01
  7.903630e+00  -3.926502e+00   2.364967e+00   5.732442e-01   2.062792e+00   1.652439e+06   6.593007e-01
  7.922403e+00  -3.889671e+00   2.439778e+00   5.923889e-01   2.059271e+00   1.653537e+06   6.503171e-01
  7.941176e+00  -3.878761e+00   2.430433e+00   5.909958e-01   2.056219e+00   1.654999e+06   6.502624e-01
  7.959950e+00  -3.837219e+00   2.357049e+00   5.771071e-01   2.042124e+00   1.647540e+06   6.532610e-01
  7.978723e+00  -3.751963e+00   2.297726e+00   5.690652e-01   2.018861e+00   1.632613e+06   6.518289e-01
  7.997497e+00  -3.649074e+00   2.277405e+00   5.711208e-01   1.993804e+00   1.616144e+06   6.454688e-01
  8.016270e+00  -3.541728e+00   2.267215e+00   5.759857e-01   1.968118e+00   1.599068e+06   6.375864e-01
  8.035044e+00  -3.425319e+00   2.268797e+00   5.844824e-01   1.940860e+00   1.580615e+06   6.275714e-01
  8.053817e+00  -3.302018e+00   2.296422e+00   6.000129e-01   1.913644e+00   1.562091e+06   6.142682e-01
  8.072591e+00  -3.185032e+00   2.359620e+00   6.240330e-01   1.890621e+00   1.546896e+06   5.981714e-01
  8.091364e+00  -3.086793e+00   2.441816e+00   6.515509e-01   1.873849e+00   1.536738e+06   5.822677e-01
  8.110138e+00  -2.990463e+00   2.501163e+00   6.738271e-01   1.855938e+00   1.525581e+06   5.684886e-01
  8.128911e+00  -2.869439e+00   2.575024e+00   7.021404e-01   1.833696e+00   1.510787e+06   5.513281e-01
  8.147685e+00  -2.753993e+00   2.753134e+00   7.550277e-01   1.823201e+00   1.505609e+06   5.284159e-01
  8.166458e+00  -2.716546e+00   3.021257e+00   8.204908e-01   1.841128e+00   1.523917e+06   5.104425e-01
  8.185232e+00  -2.774671e+00   3.248987e+00   8.654141e-01   1.877129e+00   1.557287e+06   5.057165e-01
  8.204005e+00  -2.856193e+00   3.354361e+00   8.801808e-01   1.905495e+00   1.584445e+06   5.086900e-01
  8.222778e+00  -2.896151e+00   3.433251e+00   8.931677e-01   1.921952e+00   1.601787e+06   5.091126e-01
  8.241552e+00  -2.934661e+00   3.622716e+00   9.293977e-01   1.948959e+00   1.628003e+06   5.057063e-01
  8.260325e+00  -3.068887e+00   3.905707e+00   9.742347e-01   2.004500e+00   1.678212e+06   5.076902e-01
  8.279099e+00  -3.338853e+00   4.140465e+00   9.950156e-01   2.080603e+00   1.745886e+06   5.209936e-01
  8.297872e+00  -3.691549e+00   4.204799e+00   9.756522e-01   2.154866e+00   1.812302e+06   5.433755e-01
  8.316646e+00  -4.038145e+00   4.088717e+00   9.242633e-01   2.211879e+00   1.864460e+06   5.698699e-01
  8.335419e+00  -4.313135e+00   3.841685e+00   8.552256e-01   2.246007e+00   1.897501e+06   5.968963e-01
  8.354193e+00  -4.485072e+00   3.526291e+00   7.811023e-01   2.257253e+00   1.911298e+06   6.220862e-01
  8.372966e+00  -4.546526e+00   3.198081e+00   7.113813e-01   2.247797e+00   1.907567e+06   6.434811e-01
  8.391740e+00  -4.516302e+00   2.923254e+00   6.570815e-01   2.224423e+00   1.891964e+06   6.583918e-01
  8.410513e+00  -4.441037e+00   2.737959e+00   6.229639e-01   2.197526e+00   1.873269e+06   6.661113e-01
  8.429287e+00  -4.362108e+00   2.614976e+00   6.015660e-01   2.173474e+00   1.856901e+06   6.698775e-01
  8.448060e+00  -4.292533e+00   2.520135e+00   5.852815e-01   2.152925e+00   1.843442e+06   6.724876e-01
  8.466834e+00  -4.232151e+00   2.442780e+00   5.720094e-01   2.135262e+00   1.832381e+06   6.745582e-01
  8.485607e+00  -4.183972e+00   2.380037e+00   5.610575e-01   2.121027e+00   1.824201e+06   6.764215e-01
  8.504380e+00  -4.146095e+00   2.310733e+00   5.479231e-01   2.108629e+00   1.817550e+06   6.796886e-01
  8.523154e+00  -4.103339e+00   2.224864e+00   5.312061e-01   2.094163e+00   1.809066e+06   6.842810e-01
  8.541927e+00  -4.053261e+00   2.155440e+00   5.183983e-01   2.078942e+00   1.799872e+06   6.871243e-01
  8.560701e+00  -4.011947e+00   2.101938e+00   5.085647e-01   2.066539e+00   1.793067e+06   6.892531e-01
  8.579474e+00  -3.977436e+00   2.025850e+00   4.930528e-01   2.054395e+00   1.786438e+06   6.942187e-01
  8.598248e+00  -3.929790e+00   1.926494e+00   4.726574e-01   2.037939e+00   1.776007e+06   7.009404e-01
  8.617021e+00  -3.860254e+00   1.827619e+00   4.532012e-01   2.016345e+00   1.761025e+06   7.065443e-01
  8.635795e+00  -3.769955e+00   1.736730e+00   4.363502e-01   1.990065e+00   1.741859e+06   7.102328e-01
  8.654568e+00  -3.660455e+00   1.663310e+00   4.243720e-01   1.959731e+00   1.719038e+06   7.107893e-01
  8.673342e+00  -3.542894e+00   1.627010e+00   4.217397e-01   1.928927e+00   1.695687e+06   7.062124e-01
  8.692115e+00  -3.436605e+00   1.624865e+00   4.270646e-01   1.902364e+00   1.675956e+06   6.979476e-01
  8.710889e+00  -3.351596e+00   1.631182e+00   4.335108e-01   1.881363e+00   1.661034e+06   6.900439e-01
  8.729662e+00  -3.278552e+00   1.617436e+00   4.343189e-01   1.862038e+00   1.647515e+06   6.855300e-01
  8.748436e+00  -3.194805e+00   1.576739e+00   4.288955e-01   1.838139e+00   1.629868e+06   6.835011e-01
  8.767209e+00  -3.083826e+00   1.532932e+00   4.242577e-01   1.806605e+00   1.605344e+06   6.793415e-01
  8.785982e+00  -2.939624e+00   1.504596e+00   4.258392e-01   1.766625e+00   1.573179e+06   6.695065e-01
  8.804756e+00  -2.766160e+00   1.525301e+00   4.430949e-01   1.721189e+00   1.535994e+06   6.486870e-01
  8.823529e+00  -2.593586e+00   1.638319e+00   4.868845e-01   1.682451e+00   1.504625e+06   6.136962e-01
  8.842303e+00  -2.470638e+00   1.840830e+00   5.524427e-01   1.666083e+00   1.493157e+06   5.738895e-01
  8.861076e+00  -2.431113e+00   2.081591e+00   6.202448e-01   1.678039e+00   1.507066e+06   5.440223e-01
  8.879850e+00  -2.477873e+00   2.301876e+00   6.723876e-01   1.711718e+00   1.540570e+06   5.303620e-01
  8.898623e+00  -2.590248e+00   2.458330e+00   7.003051e-01   1.755185e+00   1.583030e+06   5.309184e-01
  8.917397e+00  -2.734065e+00   2.524277e+00   7.025320e-01   1.796557e+00   1.623763e+06   5.412958e-01
  8.936170e+00  -2.861991e+00   2.485159e+00   6.813196e-01   1.823784e+00   1.651841e+06   5.570830e-01
  8.954944e+00  -2.922170e+00   2.370491e+00   6.482986e-01   1.828240e+00   1.659356e+06   5.720342e-01
  8.973717e+00  -2.900421e+00   2.277775e+00   6.274918e-01   1.814984e+00   1.650778e+06   5.776526e-01
  8.992491e+00  -2.841894e+00   2.280784e+00   6.332660e-01   1.800811e+00   1.641314e+06   5.714282e-01
  9.011264e+00  -2.805875e+00   2.363379e+00   6.567751e-01   1.799230e+00   1.643297e+06   5.608422e-01
  9.030038e+00  -2.815957e+00   2.466893e+00   6.810756e-01   1.811028e+00   1.657518e+06   5.538199e-01
  9.048811e+00  -2.870626e+00   2.571356e+00   7.011601e-01   1.833644e+00   1.681706e+06   5.517020e-01
  9.067584e+00  -2.975596e+00   2.671413e+00   7.152732e-01   1.867408e+00   1.716225e+06   5.549967e-01
  9.086358e+00  -3.130573e+00   2.721369e+00   7.132597e-01   1.907698e+00   1.756884e+06   5.660495e-01
  9.105131e+00  -3.298523e+00   2.666341e+00   6.866204e-01   1.941641e+00   1.791838e+06   5.847887e-01
  9.123905e+00  -3.427252e+00   2.523686e+00   6.437878e-01   1.960029e+00   1.812537e+06   6.064718e-01
  9.142678e+00  -3.488109e+00   2.344227e+00   5.977231e-01   1.960965e+00   1.817133e+06   6.263122e-01
  9.161452e+00  -3.478644e+00   2.177252e+00   5.590985e-01   1.947109e+00   1.807999e+06   6.405681e-01
  9.180225e+00  -3.423605e+00   2.075986e+00   5.386286e-01   1.927103e+00   1.793089e+06   6.457034e-01
  9.198999e+00  -3.367429e+00   2.053679e+00   5.370426e-01   1.912026e+00   1.782698e+06   6.430629e-01
  9.217772e+00  -3.348081e+00   2.081984e+00   5.452271e-01   1.909281e+00   1.783772e+06   6.385083e-01
  9.236546e+00  -3.376033e+00   2.107630e+00   5.494904e-01   1.917804e+00   1.795384e+06   6.384273e-01
  9.255319e+00  -3.436440e+00   2.098859e+00   5.432597e-01   1.931728e+00   1.812094e+06   6.445346e-01
  9.274093e+00  -3.514112e+00   2.055081e+00   5.276372e-01   1.947438e+00   1.830537e+06   6.554875e-01
  9.292866e+00  -3.592807e+00   1.956971e+00   4.992007e-01   1.960104e+00   1.846173e+06   6.720969e-01
  9.311640e+00  -3.642601e+00   1.798431e+00   4.581346e-01   1.962776e+00   1.852424e+06   6.934860e-01
  9.330413e+00  -3.644327e+00   1.620909e+00   4.148583e-01   1.953570e+00   1.847453e+06   7.147887e-01
  9.349186e+00  -3.600749e+00   1.450166e+00   3.748676e-01   1.934237e+00   1.832851e+06   7.337368e-01
  9.367960e+00  -3.515434e+00   1.292603e+00   3.391973e-01   1.905384e+00   1.809136e+06   7.498516e-01
  9.386733e+00  -3.395205e+00   1.173942e+00   3.140268e-01   1.869176e+00   1.778313e+06   7.593888e-01
  9.405507e+00  -3.262411e+00   1.114204e+00   3.041539e-01   1.831644e+00   1.746091e+06   7.593594e-01
  9.424280e+00  -3.142080e+00   1.101329e+00   3.061235e-01   1.798831e+00   1.718233e+06   7.522145e-01
  9.443054e+00  -3.042748e+00   1.105162e+00   3.118399e-01   1.772002e+00   1.695978e+06   7.433900e-01
  9.461827e+00  -2.957822e+00   1.110782e+00   3.175649e-01   1.748905e+00   1.677200e+06   7.350671e-01
  9.480601e+00  -2.879652e+00   1.119810e+00   3.240895e-01   1.727624e+00   1.660079e+06   7.263855e-01
  9.499374e+00  -2.806448e+00   1.139253e+00   3.334823e-01   1.708116e+00   1.644583e+06   7.159335e-01
  9.518148e+00  -2.745111e+00   1.178023e+00   3.479156e-01   1.692973e+00   1.633225e+06   7.028288e-01
  9.536921e+00  -2.704612e+00   1.225723e+00   3.638584e-01   1.684341e+00   1.628103e+06   6.901431e-01
  9.555695e+00  -2.681792e+00   1.261162e+00   3.753282e-01   1.680078e+00   1.627179e+06   6.815333e-01
  9.574468e+00  -2.668577e+00   1.287418e+00   3.836132e-01   1.678016e+00   1.628374e+06   6.755997e-01
  9.593242e+00  -2.665640e+00   1.310215e+00   3.902536e-01   1.678671e+00   1.632205e+06   6.714168e-01
  9.612015e+00  -2.670110e+00   1.312248e+00   3.905344e-01   1.680068e+00   1.636759e+06   6.715585e-01
  9.630788e+00  -2.665929e+00   1.286463e+00   3.835143e-01   1.677204e+00   1.637160e+06   6.754777e-01
  9.649562e+00  -2.641778e+00   1.257996e+00   3.769839e-01   1.668501e+00   1.631840e+06   6.777901e-01
  9.668335e+00  -2.608543e+00   1.257424e+00   3.789784e-01   1.658966e+00   1.625671e+06   6.742597e-01
  9.687109e+00  -2.588445e+00   1.281803e+00   3.872930e-01   1.654823e+00   1.624761e+06   6.677751e-01
  9.705882e+00  -2.590017e+00   1.299983e+00   3.923889e-01   1.656498e+00   1.629557e+06   6.648206e-01
  9.724656e+00  -2.600922e+00   1.288115e+00   3.882634e-01   1.658816e+00   1.634993e+06   6.680761e-01
  9.743429e+00  -2.602299e+00   1.248681e+00   3.768798e-01   1.656604e+00   1.635965e+06   6.751131e-01
  9.762203e+00  -2.583540e+00   1.199035e+00   3.637864e-01   1.647993e+00   1.630597e+06   6.819906e-01
  9.780976e+00  -2.542433e+00   1.152609e+00   3.528931e-01   1.633085e+00   1.618954e+06   6.861280e-01
  9.799750e+00  -2.482011e+00   1.124418e+00   3.484382e-01   1.613512e+00   1.602620e+06   6.847930e-01
  9.818523e+00  -2.411799e+00   1.128440e+00   3.542139e-01   1.592880e+00   1.585159e+06   6.758629e-01
  9.837297e+00  -2.350690e+00   1.177457e+00   3.730995e-01   1.577940e+00   1.573293e+06   6.589035e-01
  9.856070e+00  -2.325461e+00   1.265509e+00   4.012753e-01   1.576859e+00   1.575216e+06   6.393076e-01
  9.874844e+00  -2.347025e+00   1.343571e+00   4.227068e-01   1.589247e+00   1.590615e+06   6.283734e-01
  9.893617e+00  -2.394056e+00   1.371087e+00   4.270935e-01   1.605137e+00   1.609573e+06   6.296658e-01
  9.912390e+00  -2.438695e+00   1.358392e+00   4.200018e-01   1.617126e+00   1.624672e+06   6.372652e-01
  9.931164e+00  -2.467376e+00   1.324388e+00   4.080269e-01   1.622918e+00   1.633579e+06   6.464546e-01
  9.949937e+00  -2.479621e+00   1.290823e+00   3.974075e-01   1.624055e+00   1.637814e+06   6.536981e-01
  9.968711e+00  -2.489875e+00   1.275302e+00   3.921740e-01   1.625938e+00   1.642807e+06   6.576263e-01
  9.987484e+00  -2.508811e+00   1.253553e+00   3.845412e-01   1.629933e+00   1.649945e+06   6.636889e-01
  1.000626e+01  -2.524771e+00   1.203951e+00   3.690287e-01   1.631243e+00   1.654375e+06   6.745200e-01
  1.002503e+01  -2.527695e+00   1.148094e+00   3.525042e-01   1.628482e+00   1.654673e+06   6.853499e-01
  1.004380e+01  -2.521591e+00   1.092100e+00   3.364045e-01   1.623194e+00   1.652389e+06   6.956122e-01
  1.006258e+01  -2.500634e+00   1.018445e+00   3.157850e-01   1.612561e+00   1.644633e+06   7.083925e-01
  1.008135e+01  -2.451507e+00   9.430585e-01   2.959177e-01   1.593447e+00   1.628171e+06   7.194080e-01
  1.010013e+01  -2.381826e+00   9.056852e-01   2.884279e-01   1.570037e+00   1.607238e+06   7.203166e-01
  1.011890e+01  -2.321158e+00   9.174961e-01   2.955954e-01   1.551946e+00   1.591671e+06   7.107042e-01
  1.013767e+01  -2.288871e+00   9.401863e-01   3.046100e-01   1.543262e+00   1.585702e+06   7.016308e-01
  1.015645e+01  -2.271872e+00   9.326845e-01   3.033143e-01   1.537489e+00   1.582695e+06   7.013520e-01
  1.017522e+01  -2.246633e+00   9.048776e-01   2.961279e-01   1.527850e+00   1.575680e+06   7.049250e-01
  1.019399e+01  -2.212285e+00   8.905856e-01   2.937100e-01   1.516097e+00   1.566444e+06   7.042371e-01
  1.021277e+01  -2.184648e+00   8.907939e-01   2.954926e-01   1.507303e+00   1.560226e+06   7.007870e-01
  1.023154e+01  -2.163560e+00   8.719589e-01   2.907751e-01   1.499370e+00   1.554867e+06   7.028518e-01
  1.025031e+01  -2.127735e+00   8.260072e-01   2.781255e-01   1.484954e+00   1.542743e+06   7.101874e-01
  1.026909e+01  -2.064958e+00   7.863609e-01   2.689431e-01   1.461947e+00   1.521622e+06   7.129364e-01
  1.028786e+01  -1.983950e+00   7.777341e-01   2.711045e-01   1.434380e+00   1.495660e+06   7.047720e-01
  1.030663e+01  -1.902272e+00   8.091160e-01   2.871637e-01   1.408806e+00   1.471674e+06   6.845677e-01
  1.032541e+01  -1.838219e+00   8.765141e-01   3.148646e-01   1.391890e+00   1.456652e+06   6.564702e-01
  1.034418e+01  -1.803231e+00   9.617777e-01   3.467394e-01   1.386888e+00   1.454056e+06   6.288746e-01
  1.036295e+01  -1.801197e+00   1.051074e+00   3.769912e-01   1.394030e+00   1.464196e+06   6.072419e-01
  1.038173e+01  -1.833273e+00   1.130327e+00   4.002821e-01   1.411913e+00   1.485666e+06   5.950906e-01
  1.040050e+01  -1.893001e+00   1.176234e+00   4.096773e-01   1.435561e+00   1.513281e+06   5.951832e-01
  1.041927e+01  -1.962816e+00   1.172274e+00   4.021314e-01   1.457575e+00   1.539260e+06   6.067654e-01
  1.043805e+01  -2.015956e+00   1.111619e+00   3.782644e-01   1.469367e+00   1.554509e+06   6.272020e-01
  1.045682e+01  -2.026809e+00   1.017829e+00   3.472856e-01   1.465407e+00   1.553107e+06   6.494362e-01
  1.047559e+01  -1.992825e+00   9.404087e-01   3.246111e-01   1.448516e+00   1.537961e+06   6.629861e-01
  1.049437e+01  -1.934967e+00   9.050936e-01   3.171902e-01   1.426736e+00   1.517552e+06   6.635092e-01
  1.051314e+01  -1.875584e+00   9.077093e-01   3.225702e-01   1.406995e+00   1.499231e+06   6.539714e-01
  1.053191e+01  -1.829719e+00   9.396974e-01   3.370437e-01   1.394029e+00   1.488068e+06   6.386562e-01
  1.055069e+01  -1.809351e+00   9.899340e-01   3.557415e-01   1.391367e+00   1.487874e+06   6.229493e-01
  1.056946e+01  -1.817508e+00   1.030783e+00   3.687502e-01   1.397671e+00   1.497274e+06   6.145765e-01
  1.058824e+01  -1.838972e+00   1.035011e+00   3.682777e-01   1.405205e+00   1.508019e+06   6.170539e-01
  1.060701e+01  -1.849381e+00   1.003951e+00   3.570230e-01   1.406004e+00   1.511552e+06   6.259932e-01
  1.062578e+01  -1.835122e+00   9.646493e-01   3.450313e-01   1.397916e+00   1.505516e+06   6.332651e-01
  1.064456e+01  -1.801015e+00   9.433597e-01   3.406658e-01   1.384582e+00   1.493791e+06   6.331456e-01
  1.066333e+01  -1.760249e+00   9.468881e-01   3.453397e-01   1.370952e+00   1.481694e+06   6.255920e-01
  1.068210e+01  -1.724496e+00   9.738733e-01   3.577623e-01   1.361062e+00   1.473595e+06   6.128122e-01
  1.070088e+01  -1.707332e+00   1.024660e+00   3.767467e-01   1.359879e+00   1.474902e+06   5.975683e-01
  1.071965e+01  -1.717881e+00   1.075061e+00   3.928491e-01   1.368288e+00   1.486625e+06   5.878023e-01
  1.073842e+01  -1.744421e+00   1.093116e+00   3.963565e-01   1.378956e+00   1.500840e+06   5.883433e-01
  1.075720e+01  -1.767246e+00   1.085912e+00   3.917702e-01   1.385904e+00   1.511039e+06   5.937842e-01
  1.077597e+01  -1.781433e+00   1.074793e+00   3.867271e-01   1.389601e+00   1.517714e+06   5.986229e-01
  1.079474e+01  -1.790374e+00   1.061795e+00   3.815595e-01   1.391389e+00   1.522314e+06   6.030248e-01
  1.081352e+01  -1.795702e+00   1.047816e+00   3.763985e-01   1.391897e+00   1.525519e+06   6.070844e-01
  1.083229e+01  -1.799891e+00   1.034547e+00   3.715761e-01   1.392106e+00   1.528397e+06   6.108316e-01
  1.085106e+01  -1.803948e+00   1.015414e+00   3.647927e-01   1.391769e+00   1.530675e+06   6.159755e-01
  1.086984e+01  -1.799866e+00   9.794023e-01   3.530002e-01   1.387255e+00   1.528350e+06   6.239763e-01
  1.088861e+01  -1.775917e+00   9.364640e-01   3.404260e-01   1.375430e+00   1.517939e+06   6.308293e-01
  1.090738e+01  -1.733012e+00   9.125356e-01   3.358364e-01   1.358601e+00   1.501952e+06   6.299585e-01
  1.092616e+01  -1.682343e+00   9.150175e-01   3.411290e-01   1.341161e+00   1.485223e+06   6.206874e-01
  1.094493e+01  -1.632989e+00   9.429456e-01   3.554531e-01   1.326400e+00   1.471401e+06   6.046775e-01
  1.096370e+01  -1.596006e+00   1.003774e+00   3.804019e-01   1.319360e+00   1.466102e+06   5.826892e-01
  1.098248e+01  -1.590598e+00   1.097753e+00   4.135415e-01   1.327258e+00   1.477404e+06   5.600287e-01
  1.100125e+01  -1.634535e+00   1.199612e+00   4.432660e-01   1.353152e+00   1.508801e+06   5.469985e-01
  1.102003e+01  -1.723891e+00   1.259739e+00   4.534481e-01   1.389067e+00   1.551491e+06   5.512656e-01
  1.103880e+01  -1.825188e+00   1.243349e+00   4.377538e-01   1.420147e+00   1.588907e+06   5.712449e-01
  1.105757e+01  -1.901324e+00   1.171695e+00   4.074538e-01   1.437826e+00   1.611423e+06   5.974044e-01
  1.107635e+01  -1.942537e+00   1.091374e+00   3.778819e-01   1.444068e+00   1.621166e+06   6.205900e-01
  1.109512e+01  -1.964845e+00   1.026668e+00   3.550063e-01   1.445986e+00   1.626071e+06   6.383867e-01
  1.111389e+01  -1.980468e+00   9.580402e-01   3.313257e-01   1.445768e+00   1.628577e+06   6.568949e-01
  1.113267e+01  -1.977310e+00   8.640321e-01   3.004477e-01   1.437908e+00   1.622459e+06   6.802680e-01
  1.115144e+01  -1.940184e+00   7.696558e-01   2.711855e-01   1.419058e+00   1.603890e+06   7.011432e-01
  1.117021e+01  -1.878322e+00   7.122822e-01   2.554588e-01   1.394124e+00   1.578361e+06   7.096860e-01
  1.118899e+01  -1.814174e+00   6.935399e-01   2.530293e-01   1.370473e+00   1.554193e+06   7.064864e-01
  1.120776e+01  -1.759581e+00   6.942800e-01   2.569230e-01   1.351144e+00   1.534843e+06   6.982211e-01
  1.122653e+01  -1.715607e+00   7.057835e-01   2.641063e-01   1.336173e+00   1.520379e+06   6.877553e-01
  1.124531e+01  -1.683950e+00   7.277712e-01   2.743500e-01   1.326355e+00   1.511732e+06   6.756312e-01
  1.126408e+01  -1.666851e+00   7.525126e-01   2.845981e-01   1.322062e+00   1.509354e+06   6.649855e-01
  1.128285e+01  -1.662956e+00   7.724233e-01   2.920926e-01   1.322223e+00   1.512054e+06   6.581490e-01
  1.130163e+01  -1.670196e+00   7.844429e-01   2.958399e-01   1.325789e+00   1.518655e+06   6.556917e-01
  1.132040e+01  -1.684004e+00   7.788916e-01   2.927497e-01   1.330303e+00   1.526356e+06   6.596832e-01
  1.133917e+01  -1.692825e+00   7.493730e-01   2.814687e-01   1.331183e+00   1.529899e+06   6.702387e-01
  1.135795e+01  -1.686776e+00   7.091266e-01   2.673932e-01   1.326000e+00   1.526465e+06   6.821062e-01
  1.137672e+01  -1.666344e+00   6.730033e-01   2.557095e-01   1.315953e+00   1.517403e+06   6.908490e-01
  1.139549e+01  -1.634381e+00   6.410004e-01   2.461759e-01   1.301915e+00   1.503694e+06   6.968219e-01
  1.141427e+01  -1.589562e+00   6.155170e-01   2.398029e-01   1.283381e+00   1.484729e+06   6.987570e-01
  1.143304e+01  -1.534346e+00   6.113990e-01   2.422063e-01   1.262145e+00   1.462563e+06   6.910719e-01
  1.145181e+01  -1.482551e+00   6.426110e-01   2.581462e-01   1.244665e+00   1.444675e+06   6.703243e-01
  1.147059e+01  -1.454466e+00   7.042055e-01   2.841738e-01   1.239040e+00   1.440504e+06   6.430339e-01
  1.148936e+01  -1.458011e+00   7.620457e-01   3.058891e-01   1.245624e+00   1.450529e+06   6.243217e-01
  1.150814e+01  -1.478494e+00   7.889766e-01   3.141199e-01   1.255852e+00   1.464830e+06   6.197183e-01
  1.152691e+01  -1.498263e+00   7.957798e-01   3.148181e-01   1.263872e+00   1.476589e+06   6.213991e-01
  1.154568e+01  -1.514138e+00   7.994774e-01   3.147265e-01   1.270114e+00   1.486298e+06   6.232734e-01
  1.156446e+01  -1.529262e+00   8.016442e-01   3.141457e-01   1.275911e+00   1.495510e+06   6.254517e-01
  1.158323e+01  -1.545330e+00   8.029768e-01   3.131839e-01   1.281957e+00   1.505035e+06   6.280329e-01
  1.160200e+01  -1.567028e+00   8.079999e-01   3.130887e-01   1.290369e+00   1.517366e+06   6.304926e-01
  1.162078e+01  -1.599801e+00   8.076777e-01   3.100988e-01   1.302291e+00   1.533863e+06   6.364952e-01
  1.163955e+01  -1.637762e+00   7.818204e-01   2.975233e-01   1.313881e+00   1.550014e+06   6.509836e-01
  1.165832e+01  -1.666212e+00   7.298588e-01   2.764432e-01   1.320088e+00   1.559849e+06   6.720663e-01
  1.167710e+01  -1.677085e+00   6.683009e-01   2.532307e-01   1.319549e+00   1.561723e+06   6.941472e-01
  1.169587e+01  -1.671562e+00   6.078558e-01   2.313995e-01   1.313434e+00   1.556984e+06   7.144496e-01
  1.171464e+01  -1.652616e+00   5.517024e-01   2.117274e-01   1.302860e+00   1.546929e+06   7.324755e-01
  1.173342e+01  -1.622206e+00   5.027787e-01   1.951001e-01   1.288515e+00   1.532348e+06   7.473234e-01
  1.175219e+01  -1.584748e+00   4.677760e-01   1.838423e-01   1.272221e+00   1.515392e+06   7.565026e-01
  1.177096e+01  -1.546687e+00   4.454848e-01   1.773095e-01   1.256235e+00   1.498740e+06   7.607307e-01
  1.178974e+01  -1.510198e+00   4.281739e-01   1.725184e-01   1.240951e+00   1.482868e+06   7.632486e-01
  1.180851e+01  -1.474445e+00   4.155828e-01   1.694820e-01   1.226038e+00   1.467380e+06   7.638587e-01
  1.182728e+01  -1.441430e+00   4.104094e-01   1.692457e-01   1.212466e+00   1.453444e+06   7.613913e-01
  1.184606e+01  -1.413554e+00   4.072139e-01   1.695373e-01   1.200957e+00   1.441932e+06   7.586756e-01
  1.186483e+01  -1.387078e+00   3.967340e-01   1.667663e-01   1.189491e+00   1.430429e+06   7.597229e-01
  1.188360e+01  -1.354997e+00   3.819328e-01   1.624792e-01   1.175328e+00   1.415634e+06   7.621752e-01
  1.190238e+01  -1.316038e+00   3.747467e-01   1.617334e-01   1.158532e+00   1.397608e+06   7.596668e-01
  1.192115e+01  -1.276422e+00   3.828505e-01   1.676005e-01   1.142152e+00   1.380021e+06   7.487063e-01
  1.193992e+01  -1.244021e+00   4.034335e-01   1.785795e-01   1.129563e+00   1.366959e+06   7.319593e-01
  1.195870e+01  -1.222051e+00   4.270100e-01   1.903354e-01   1.121730e+00   1.359615e+06   7.154051e-01
  1.197747e+01  -1.209120e+00   4.481392e-01   2.004694e-01   1.117725e+00   1.356886e+06   7.019524e-01
  1.199625e+01  -1.204435e+00   4.665968e-01   2.088317e-01   1.117160e+00   1.358326e+06   6.916840e-01
  1.201502e+01  -1.207336e+00   4.763567e-01   2.128099e-01   1.119207e+00   1.362945e+06   6.874501e-01
  1.203379e+01  -1.210996e+00   4.673464e-01   2.086267e-01   1.120054e+00   1.366108e+06   6.926649e-01
  1.205257e+01  -1.203921e+00   4.417416e-01   1.980953e-01   1.114972e+00   1.362031e+06   7.041803e-01
  1.207134e+01  -1.180713e+00   4.167363e-01   1.889261e-01   1.102908e+00   1.349393e+06   7.126546e-01
  1.209011e+01  -1.147282e+00   4.077230e-01   1.874768e-01   1.087396e+00   1.332483e+06   7.107432e-01
  1.210889e+01  -1.114064e+00   4.158294e-01   1.937465e-01   1.073127e+00   1.317040e+06   6.992252e-01
  1.212766e+01  -1.088608e+00   4.346385e-01   2.044017e-01   1.063197e+00   1.306876e+06   6.832175e-01
  1.214643e+01  -1.072969e+00   4.538416e-01   2.145171e-01   1.057822e+00   1.302281e+06   6.692153e-01
  1.216521e+01  -1.062795e+00   4.645089e-01   2.203139e-01   1.054198e+00   1.299826e+06   6.611205e-01
  1.218398e+01  -1.052171e+00   4.687224e-01   2.232506e-01   1.049767e+00   1.296360e+06   6.563199e-01
  1.220275e+01  -1.039542e+00   4.724075e-01   2.261701e-01   1.044363e+00   1.291674e+06   6.512664e-01
  1.222153e+01  -1.025482e+00   4.756102e-01   2.290462e-01   1.038241e+00   1.286077e+06   6.460555e-01
  1.224030e+01  -1.008457e+00   4.770161e-01   2.314390e-01   1.030544e+00   1.278504e+06   6.409660e-01
  1.225907e+01  -9.868310e-01   4.814752e-01   2.357877e-01   1.020993e+00   1.268598e+06   6.329579e-01
  1.227785e+01  -9.649126e-01   4.989193e-01   2.463278e-01   1.012714e+00   1.260238e+06   6.179369e-01
  1.229662e+01  -9.526150e-01   5.292306e-01   2.618563e-01   1.010536e+00   1.259451e+06   5.992198e-01
  1.231539e+01  -9.543199e-01   5.549180e-01   2.735047e-01   1.014458e+00   1.266269e+06   5.873089e-01
  1.233417e+01  -9.608874e-01   5.587884e-01   2.744678e-01   1.017949e+00   1.272563e+06   5.873422e-01
  1.235294e+01  -9.575582e-01   5.443122e-01   2.682279e-01   1.014645e+00   1.270363e+06   5.932715e-01
  1.237171e+01  -9.380611e-01   5.307341e-01   2.643215e-01   1.003956e+00   1.258890e+06   5.943557e-01
  1.239049e+01  -9.077544e-01   5.329658e-01   2.691607e-01   9.900515e-01   1.243339e+06   5.844636e-01
  1.240926e+01  -8.757037e-01   5.534068e-01   2.830278e-01   9.776545e-01   1.229631e+06   5.649021e-01
  1.242804e+01  -8.503063e-01   5.917949e-01   3.046864e-01   9.711540e-01   1.223303e+06   5.392870e-01
  1.244681e+01  -8.402536e-01   6.439777e-01   3.304492e-01   9.743974e-01   1.229243e+06   5.139640e-01
  1.246558e+01  -8.484609e-01   6.926794e-01   3.513140e-01   9.858410e-01   1.245555e+06   4.977519e-01
  1.248436e+01  -8.658466e-01   7.227908e-01   3.619634e-01   9.984308e-01   1.263361e+06   4.923033e-01
  1.250313e+01  -8.821441e-01   7.432253e-01   3.683448e-01   1.008872e+00   1.278492e+06   4.902136e-01
  1.252190e+01  -8.985106e-01   7.685125e-01   3.767170e-01   1.020013e+00   1.294552e+06   4.867224e-01
  1.254068e+01  -9.234465e-01   7.998245e-01   3.861486e-01   1.035643e+00   1.316360e+06   4.840974e-01
  1.255945e+01  -9.623904e-01   8.251269e-01   3.907021e-01   1.055954e+00   1.344185e+06   4.874510e-01
  1.257822e+01  -1.008349e+00   8.239404e-01   3.832887e-01   1.074830e+00   1.370259e+06   5.003971e-01
  1.259700e+01  -1.044667e+00   7.946928e-01   3.660005e-01   1.085644e+00   1.386111e+06   5.191449e-01
  1.261577e+01  -1.061781e+00   7.585610e-01   3.486620e-01   1.087817e+00   1.390955e+06   5.354635e-01
  1.263454e+01  -1.065897e+00   7.361930e-01   3.387657e-01   1.086581e+00   1.391443e+06   5.442030e-01
  1.265332e+01  -1.068768e+00   7.262027e-01   3.341973e-01   1.086488e+00   1.393390e+06   5.484641e-01
  1.267209e+01  -1.074243e+00   7.163369e-01   3.293429e-01   1.087524e+00   1.396789e+06   5.534125e-01
  1.269086e+01  -1.079850e+00   7.032331e-01   3.231081e-01   1.088232e+00   1.399768e+06   5.596279e-01
  1.270964e+01  -1.082008e+00   6.858463e-01   3.154811e-01   1.086985e+00   1.400232e+06   5.666508e-01
  1.272841e+01  -1.077971e+00   6.688678e-01   3.087494e-01   1.083189e+00   1.397403e+06   5.720911e-01
  1.274718e+01  -1.070128e+00   6.610124e-01   3.063430e-01   1.078876e+00   1.393893e+06   5.731163e-01
  1.276596e+01  -1.064404e+00   6.625609e-01   3.077073e-01   1.076609e+00   1.393012e+06   5.710180e-01
  1.278473e+01  -1.064371e+00   6.676661e-01   3.099014e-01   1.077223e+00   1.395857e+06   5.690204e-01
  1.280350e+01  -1.068856e+00   6.699279e-01   3.103177e-01   1.079423e+00   1.400760e+06   5.693150e-01
  1.282228e+01  -1.076509e+00   6.720871e-01   3.103018e-01   1.082957e+00   1.407408e+06   5.704701e-01
  1.284105e+01  -1.090211e+00   6.752678e-01   3.099901e-01   1.089176e+00   1.417563e+06   5.727779e-01
  1.285982e+01  -1.108506e+00   6.661333e-01   3.039351e-01   1.095848e+00   1.428331e+06   5.809424e-01
  1.287860e+01  -1.121937e+00   6.415368e-01   2.919491e-01   1.098713e+00   1.434156e+06   5.939940e-01
  1.289737e+01  -1.126261e+00   6.166827e-01   2.808737e-01   1.097794e+00   1.435045e+06   6.052078e-01
  1.291615e+01  -1.126620e+00   5.983294e-01   2.729700e-01   1.095962e+00   1.434736e+06   6.130261e-01
  1.293492e+01  -1.125049e+00   5.775482e-01   2.641819e-01   1.093088e+00   1.433053e+06   6.216510e-01
  1.295369e+01  -1.117241e+00   5.541949e-01   2.548524e-01   1.087286e+00   1.427516e+06   6.302260e-01
  1.297247e+01  -1.104077e+00   5.414580e-01   2.506225e-01   1.080226e+00   1.420302e+06   6.329147e-01
  1.299124e+01  -1.094984e+00   5.441291e-01   2.527302e-01   1.076502e+00   1.417454e+06   6.294536e-01
  1.301001e+01  -1.097470e+00   5.501932e-01   2.551388e-01   1.078223e+00   1.421772e+06   6.272542e-01
  1.302879e+01  -1.107833e+00   5.424709e-01   2.506848e-01   1.081978e+00   1.428782e+06   6.333528e-01
  1.304756e+01  -1.114877e+00   5.183966e-01   2.394048e-01   1.082678e+00   1.431766e+06   6.464152e-01
  1.306633e+01  -1.112354e+00   4.912373e-01   2.276419e-01   1.078969e+00   1.428915e+06   6.591268e-01
  1.308511e+01  -1.104437e+00   4.728135e-01   2.201718e-01   1.073738e+00   1.424029e+06   6.666251e-01
  1.310388e+01  -1.097634e+00   4.591750e-01   2.146783e-01   1.069449e+00   1.420376e+06   6.721422e-01
  1.312265e+01  -1.091155e+00   4.403309e-01   2.067574e-01   1.064849e+00   1.416294e+06   6.807042e-01
  1.314143e+01  -1.079727e+00   4.172433e-01   1.972492e-01   1.057655e+00   1.408738e+06   6.908368e-01
  1.316020e+01  -1.061918e+00   3.985738e-01   1.901781e-01   1.047896e+00   1.397733e+06   6.974828e-01
  1.317897e+01  -1.042769e+00   3.914561e-01   1.884881e-01   1.038411e+00   1.387057e+06   6.973052e-01
  1.319775e+01  -1.028840e+00   3.920410e-01   1.899515e-01   1.031950e+00   1.380391e+06   6.937386e-01
  1.321652e+01  -1.020954e+00   3.899082e-01   1.896324e-01   1.028063e+00   1.377148e+06   6.931688e-01
  1.323529e+01  -1.015100e+00   3.817124e-01   1.862745e-01   1.024597e+00   1.374454e+06   6.967505e-01
  1.325407e+01  -1.008040e+00   3.695159e-01   1.810973e-01   1.020214e+00   1.370515e+06   7.026106e-01
  1.327284e+01  -9.977049e-01   3.541062e-01   1.746088e-01   1.013999e+00   1.364095e+06   7.099400e-01
  1.329161e+01  -9.827113e-01   3.388889e-01   1.685112e-01   1.005538e+00   1.354628e+06   7.163739e-01
  1.331039e+01  -9.650063e-01   3.295265e-01   1.653961e-01   9.961738e-01   1.343907e+06   7.185358e-01
  1.332916e+01  -9.481649e-01   3.245274e-01   1.643169e-01   9.875044e-01   1.334091e+06   7.180075e-01
  1.334793e+01  -9.318715e-01   3.176836e-01   1.622692e-01   9.788783e-01   1.324300e+06   7.189015e-01
  1.336671e+01  -9.127293e-01   3.092803e-01   1.596506e-01   9.686163e-01   1.312260e+06   7.202802e-01
  1.338548e+01  -8.898298e-01   3.055108e-01   1.596649e-01   9.567250e-01   1.297970e+06   7.174254e-01
  1.340426e+01  -8.661022e-01   3.105582e-01   1.643096e-01   9.450396e-01   1.283915e+06   7.077273e-01
  1.342303e+01  -8.460428e-01   3.250350e-01   1.736208e-01   9.360486e-01   1.273481e+06   6.918301e-01
  1.344180e+01  -8.345841e-01   3.471097e-01   1.861520e-01   9.323286e-01   1.270194e+06   6.728713e-01
  1.346058e+01  -8.347771e-01   3.687748e-01   1.972660e-01   9.347144e-01   1.275223e+06   6.579899e-01
  1.347935e+01  -8.433394e-01   3.782169e-01   2.011561e-01   9.401080e-01   1.284370e+06   6.541599e-01
  1.349812e+01  -8.514242e-01   3.715861e-01   1.969180e-01   9.435046e-01   1.290806e+06   6.608974e-01
  1.351690e+01  -8.518147e-01   3.564225e-01   1.891592e-01   9.421231e-01   1.290708e+06   6.712698e-01
  1.353567e+01  -8.436458e-01   3.428859e-01   1.830550e-01   9.365655e-01   1.284877e+06   6.783959e-01
  1.355444e+01  -8.305015e-01   3.360516e-01   1.808499e-01   9.290900e-01   1.276389e+06   6.795735e-01
  1.357322e+01  -8.160862e-01   3.356626e-01   1.821186e-01   9.215494e-01   1.267783e+06   6.757519e-01
  1.359199e+01  -8.028038e-01   3.412339e-01   1.864294e-01   9.151829e-01   1.260766e+06   6.678577e-01
  1.361076e+01  -7.936964e-01   3.537441e-01   1.939872e-01   9.117716e-01   1.257801e+06   6.561932e-01
  1.362954e+01  -7.932370e-01   3.713258e-01   2.032362e-01   9.135327e-01   1.261969e+06   6.438076e-01
  1.364831e+01  -8.035657e-01   3.845817e-01   2.089119e-01   9.204400e-01   1.273262e+06   6.380407e-01
  1.366708e+01  -8.195933e-01   3.814946e-01   2.054717e-01   9.283383e-01   1.285955e+06   6.449693e-01
  1.368586e+01  -8.306551e-01   3.596965e-01   1.930482e-01   9.316237e-01   1.292278e+06   6.629873e-01
  1.370463e+01  -8.292205e-01   3.304740e-01   1.780829e-01   9.278653e-01   1.288830e+06   6.832410e-01
  1.372340e+01  -8.158082e-01   3.059720e-01   1.665694e-01   9.184517e-01   1.277502e+06   6.977562e-01
  1.374218e+01  -7.951430e-01   2.909119e-01   1.605396e-01   9.060442e-01   1.261968e+06   7.037698e-01
  1.376095e+01  -7.722614e-01   2.866642e-01   1.604503e-01   8.933117e-01   1.245934e+06   7.007433e-01
  1.377972e+01  -7.518605e-01   2.922038e-01   1.655071e-01   8.827531e-01   1.232887e+06   6.903023e-01
  1.379850e+01  -7.370784e-01   3.032137e-01   1.731047e-01   8.758103e-01   1.224857e+06   6.769257e-01
  1.381727e+01  -7.277993e-01   3.141113e-01   1.801262e-01   8.719201e-01   1.221076e+06   6.653395e-01
  1.383605e+01  -7.225280e-01   3.245072e-01   1.864502e-01   8.702251e-01   1.220358e+06   6.555123e-01
  1.385482e+01  -7.227670e-01   3.370382e-01   1.932885e-01   8.718529e-01   1.224299e+06   6.460023e-01
  1.387359e+01  -7.305586e-01   3.455096e-01   1.969555e-01   8.771261e-01   1.233373e+06   6.422329e-01
  1.389237e+01  -7.415041e-01   3.390944e-01   1.921676e-01   8.822882e-01   1.242311e+06   6.505561e-01
  1.391114e+01  -7.461698e-01   3.171379e-01   1.797204e-01   8.823090e-01   1.244019e+06   6.687501e-01
  1.392991e+01  -7.385604e-01   2.903274e-01   1.658534e-01   8.752530e-01   1.235735e+06   6.878467e-01
  1.394869e+01  -7.192277e-01   2.684298e-01   1.556585e-01   8.622397e-01   1.219003e+06   7.005133e-01
  1.396746e+01  -6.914933e-01   2.559808e-01   1.514257e-01   8.452355e-01   1.196572e+06   7.031166e-01
  1.398623e+01  -6.596868e-01   2.572575e-01   1.555421e-01   8.269704e-01   1.172288e+06   6.918673e-01
  1.400501e+01  -6.306939e-01   2.758464e-01   1.698314e-01   8.121186e-01   1.152780e+06   6.650338e-01
  1.402378e+01  -6.127398e-01   3.086203e-01   1.914856e-01   8.058576e-01   1.145426e+06   6.298086e-01
  1.404255e+01  -6.109702e-01   3.450849e-01   2.129781e-01   8.101419e-01   1.153057e+06   5.995986e-01
  1.406133e+01  -6.237849e-01   3.714580e-01   2.260794e-01   8.215210e-01   1.170816e+06   5.848264e-01
  1.408010e+01  -6.418564e-01   3.772846e-01   2.265751e-01   8.325819e-01   1.188164e+06   5.876103e-01
  1.409887e+01  -6.533507e-01   3.660361e-01   2.185729e-01   8.373319e-01   1.196536e+06   6.000578e-01
  1.411765e+01  -6.538111e-01   3.537153e-01   2.115992e-01   8.358142e-01   1.195957e+06   6.093357e-01
  1.413642e+01  -6.486645e-01   3.514758e-01   2.110722e-01   8.325959e-01   1.192936e+06   6.091095e-01
  1.415519e+01  -6.465224e-01   3.587055e-01   2.154562e-01   8.324324e-01   1.194286e+06   6.028965e-01
  1.417397e+01  -6.511928e-01   3.645577e-01   2.180607e-01   8.359087e-01   1.200864e+06   6.003314e-01
  1.419274e+01  -6.573042e-01   3.578092e-01   2.133989e-01   8.383575e-01   1.205977e+06   6.075747e-01
  1.421151e+01  -6.567601e-01   3.432674e-01   2.053016e-01   8.360077e-01   1.204188e+06   6.183384e-01
  1.423029e+01  -6.491378e-01   3.338526e-01   2.010216e-01   8.303900e-01   1.197676e+06   6.228489e-01
  1.424906e+01  -6.400198e-01   3.324350e-01   2.014776e-01   8.249927e-01   1.191461e+06   6.205984e-01
  1.426783e+01  -6.325910e-01   3.334136e-01   2.030845e-01   8.208741e-01   1.187075e+06   6.170469e-01
  1.428661e+01  -6.259225e-01   3.335254e-01   2.041020e-01   8.170558e-01   1.183108e+06   6.144366e-01
  1.430538e+01  -6.180521e-01   3.331461e-01   2.050238e-01   8.124573e-01   1.177995e+06   6.117285e-01
  1.432416e+01  -6.081159e-01   3.352647e-01   2.077205e-01   8.070091e-01   1.171631e+06   6.061896e-01
  1.434293e+01  -5.990559e-01   3.457140e-01   2.151729e-01   8.033401e-01   1.167833e+06   5.943962e-01
  1.436170e+01  -5.957899e-01   3.618870e-01   2.250504e-01   8.040134e-01   1.170342e+06   5.807529e-01
  1.438048e+01  -5.991017e-01   3.757652e-01   2.324775e-01   8.081754e-01   1.177938e+06   5.718938e-01
  1.439925e+01  -6.068698e-01   3.855776e-01   2.367807e-01   8.142082e-01   1.188280e+06   5.680290e-01
  1.441802e+01  -6.170347e-01   3.897560e-01   2.374745e-01   8.206271e-01   1.199210e+06   5.691627e-01
  1.443680e+01  -6.266922e-01   3.873223e-01   2.345542e-01   8.256561e-01   1.208130e+06   5.746653e-01
  1.445557e+01  -6.340349e-01   3.819640e-01   2.303970e-01   8.289256e-01   1.214491e+06   5.812856e-01
  1.447434e+01  -6.395130e-01   3.755045e-01   2.259355e-01   8.309993e-01   1.219110e+06   5.879867e-01
  1.449312e+01  -6.429956e-01   3.663464e-01   2.202728e-01   8.315743e-01   1.221536e+06   5.959375e-01
  1.451189e+01  -6.423691e-01   3.540301e-01   2.134232e-01   8.294086e-01   1.219933e+06   6.048293e-01
  1.453066e+01  -6.366684e-01   3.437817e-01   2.084311e-01   8.246890e-01   1.214561e+06   6.104852e-01
  1.454944e+01  -6.287655e-01   3.402030e-01   2.075283e-01   8.196545e-01   1.208706e+06   6.102679e-01
  1.456821e+01  -6.218952e-01   3.405840e-01   2.087514e-01   8.157649e-01   1.204522e+06   6.073431e-01
  1.458698e+01  -6.159024e-01   3.408882e-01   2.098142e-01   8.123573e-01   1.201036e+06   6.047906e-01
  1.460576e+01  -6.094895e-01   3.422412e-01   2.115590e-01   8.088552e-01   1.197398e+06   6.012312e-01
  1.462453e+01  -6.030056e-01   3.466694e-01   2.151144e-01   8.057790e-01   1.194377e+06   5.952278e-01
  1.464330e+01  -5.975324e-01   3.542360e-01   2.203520e-01   8.037957e-01   1.192967e+06   5.872294e-01
  1.466208e+01  -5.941098e-01   3.651102e-01   2.271808e-01   8.035676e-01   1.194157e+06   5.776708e-01
  1.468085e+01  -5.939575e-01   3.790216e-01   2.351909e-01   8.057743e-01   1.198970e+06   5.674588e-01
  1.469962e+01  -5.980007e-01   3.948617e-01   2.435188e-01   8.107417e-01   1.207904e+06   5.579701e-01
  1.471840e+01  -6.080249e-01   4.135552e-01   2.523026e-01   8.195618e-01   1.222604e+06   5.494482e-01
  1.473717e+01  -6.275568e-01   4.330332e-01   2.597145e-01   8.336716e-01   1.245239e+06   5.447377e-01
  1.475594e+01  -6.559401e-01   4.410152e-01   2.592994e-01   8.503977e-01   1.271840e+06   5.508045e-01
  1.477472e+01  -6.840369e-01   4.290945e-01   2.484411e-01   8.635739e-01   1.293190e+06   5.687469e-01
  1.479349e+01  -7.027093e-01   4.063577e-01   2.334886e-01   8.701875e-01   1.304749e+06   5.901408e-01
  1.481227e+01  -7.116820e-01   3.864992e-01   2.215602e-01   8.722218e-01   1.309459e+06   6.066363e-01
  1.483104e+01  -7.163004e-01   3.736513e-01   2.140082e-01   8.729833e-01   1.312264e+06   6.171444e-01
  1.484981e+01  -7.205111e-01   3.649895e-01   2.087738e-01   8.741267e-01   1.315646e+06   6.247154e-01
  1.486859e+01  -7.246429e-01   3.574216e-01   2.041483e-01   8.753967e-01   1.319223e+06   6.315499e-01
  1.488736e+01  -7.286023e-01   3.536455e-01   2.016067e-01   8.770676e-01   1.323410e+06   6.356131e-01
  1.490613e+01  -7.355089e-01   3.575461e-01   2.028555e-01   8.812828e-01   1.331447e+06   6.350733e-01
  1.492491e+01  -7.504011e-01   3.683570e-01   2.068027e-01   8.906001e-01   1.347218e+06   6.322758e-01
  1.494368e+01  -7.796921e-01   3.850446e-01   2.120065e-01   9.080963e-01   1.375412e+06   6.302640e-01
  1.496245e+01  -8.338348e-01   4.032422e-01   2.149254e-01   9.380979e-01   1.422638e+06   6.351122e-01
  1.498123e+01  -9.376280e-01   4.116531e-01   2.078292e-01   9.903641e-01   1.503785e+06   6.592507e-01
  1.500000e+01  -1.005252e+00   4.025428e-01   1.969794e-01   1.021789e+00   1.553446e+06   6.818824e-01
